id LogIdx EVCs(:,1) EVCs(:,2) ERs(:,1) ERs(:,2) RTs(:,1) RTs(:,2) ExpectedStateParam ActualStateParam ControlParamType_1 ControlParamType_2 ControlParamVal_1 ControlParamVal_2 CtrlIntensities_1 CtrlIntensities_2 ACC_HypotheticalBOLD_1 ACC_HypotheticalBOLD_2 ACC_HypotheticalBOLD_3 ACC_HypotheticalBOLD_4 ACC_HypotheticalBOLD_5 ACC_HypotheticalBOLD_6 ACC_HypotheticalBOLD_7 ACC_HypotheticalBOLD_8 TrialType TrialDescr condition 
5 1 108.2005 108.2005 0.047537 0.047537 0.98861 0.98861 1.465 1.465 1 1 0.076 0.077 0.2 0.2 0 0 108.2005 0.4 1.6442 0.048577 0.6 -0.2 1 con 0 
5 2 108.2491 108.2491 0.047537 0.047537 0.98861 0.98861 1.465 1.465 1 1 0.076 0.077 0.2 0.2 111.1801 -72.7592 108.2491 0.4 1.6442 0 0 0 1 con -1 
5 3 108.2491 108.2491 0.047537 0.047537 0.98861 0.98861 1.465 1.465 1 1 0.076 0.077 0.2 0.2 0 0 108.2491 0.4 1.6442 0 0 0 1 con 0 
5 4 108.2491 55.4797 0.047537 0.5049 0.98861 1.506 0.695 0.695 1 1 0.076 -0.077 0.2 0.2 0 0 108.2491 0.4 1.6442 0 0 0 1 inc 0 
5 5 99.1458 72.7129 0.0965 0.3256 1.1425 1.4513 0.695 0.695 1 1 0.228 0 0.6 0 1893.2759 -1893.2759 99.1458 0.6 5.0496 0.048577 0.6 0.2 1 inc 0 
5 6 91.4781 105.9902 0.16338 0.037599 1.2768 0.94506 1.465 1.465 1 1 0.228 0 0.6 0 31423.9028 -31320.9821 91.4781 0.6 5.0496 0 0 0 1 con 0 
5 7 99.6281 107.5347 0.11621 0.047685 1.1883 0.98921 1.465 1.465 1 1 0.152 0 0.4 0 31689.7487 31689.7487 99.6281 0.4 2.3201 0.02144 0.2 -0.2 1 con 1 
5 8 103.8623 107.8898 0.072389 0.037481 1.0759 0.9445 1.465 1.465 1 1 0.152 0.077 0.4 0.2 1242.9376 1127.8602 103.8623 0.6 3.1422 0.02144 0.2 0.2 1 con 0 
5 9 105.7981 107.9113 0.055797 0.037481 1.0204 0.9445 1.465 1.465 1 1 0.152 0.077 0.4 0.2 310.9371 310.9193 105.7981 0.6 3.1422 0 0 0 1 con 1 
5 10 106.762 55.4582 0.060239 0.5049 1.0363 1.506 0.695 0.695 1 1 0.076 -0.077 0.2 0.2 82.365 82.365 106.762 0.4 1.6442 0.02144 0.2 -0.2 1 inc 1 
5 11 97.822 105.9417 0.10797 0.037599 1.1699 0.94506 1.465 1.465 1 1 0.228 0 0.6 0 3374.7501 -3374.7501 97.822 0.6 5.0496 0.048577 0.6 0.2 1 con 0 
5 12 102.8826 107.8808 0.080801 0.037481 1.1007 0.9445 1.465 1.465 1 1 0.152 0.077 0.4 0.2 2898.2166 2898.2166 102.8826 0.6 3.1422 0.030455 0.4 -5.5511e-17 1 con 1 
5 13 105.3498 107.9113 0.059682 0.037481 1.0343 0.9445 1.465 1.465 1 1 0.152 0.077 0.4 0.2 393.0606 349.0693 105.3498 0.6 3.1422 0 0 0 1 con 0 
5 14 106.5114 61.1112 0.049614 0.4431 0.99694 1.5005 0.695 0.695 1 1 0.152 -0.077 0.4 0.2 108.8641 108.8641 106.5114 0.6 3.1422 0 0 0 1 inc 0 
5 15 97.6 72.7311 0.11006 0.3256 1.1747 1.4513 0.695 0.695 1 1 0.228 0 0.6 0 3657.5935 -3657.5935 97.6 0.6 5.0496 0.030455 0.4 5.5511e-17 1 inc 0 
5 16 90.05 105.9902 0.17576 0.037599 1.2962 0.94506 1.465 1.465 1 1 0.228 0 0.6 0 39816.588 -39789.1497 90.05 0.6 5.0496 0 0 0 1 con 0 
5 17 99.0677 72.7615 0.097598 0.3256 1.1452 1.4513 0.695 0.695 1 1 0.228 0 0.6 0 41542.1649 41542.1649 99.0677 0.6 5.0496 0 0 0 1 inc 0 
5 18 91.3593 105.9902 0.16441 0.037599 1.2784 0.94506 1.465 1.465 1 1 0.228 0 0.6 0 32130.4852 -32130.4852 91.3593 0.6 5.0496 0 0 0 1 con 0 
5 19 99.5746 68.933 0.11668 0.38225 1.1893 1.4816 0.695 0.695 1 1 0.152 0 0.4 0 32502.3532 32502.3532 99.5746 0.4 2.3201 0.02144 0.2 -0.2 1 inc 1 
5 20 91.7922 72.7401 0.16047 0.3256 1.272 1.4513 0.695 0.695 1 1 0.228 0 0.6 0 29375.4797 -29375.4797 91.7922 0.6 5.0496 0.02144 0.2 0.2 1 inc 0 
5 21 85.3084 105.9902 0.21685 0.037599 1.352 0.94506 1.465 1.465 1 1 0.228 0 0.6 0 46154.6535 -46121.1003 85.3084 0.6 5.0496 0 0 0 1 con 0 
5 22 97.3712 105.9902 0.1123 0.037599 1.1797 0.94506 1.465 1.465 1 1 0.228 0 0.6 0 72902.8567 72902.8567 97.3712 0.6 5.0496 0 0 0 1 con 1 
5 23 102.6065 107.8808 0.083195 0.037481 1.1074 0.9445 1.465 1.465 1 1 0.152 0.077 0.4 0.2 3615.6177 3615.6177 102.6065 0.6 3.1422 0.030455 0.4 -5.5511e-17 1 con 0 
5 24 105.2252 61.1112 0.060762 0.4431 1.0381 1.5005 0.695 0.695 1 1 0.152 -0.077 0.4 0.2 432.3788 388.6457 105.2252 0.6 3.1422 0 0 0 1 inc 0 
5 25 96.3364 72.7311 0.12101 0.3256 1.1985 1.4513 0.695 0.695 1 1 0.228 0 0.6 0 6373.5451 -6373.5451 96.3364 0.6 5.0496 0.030455 0.4 5.5511e-17 1 inc 0 
5 26 88.952 72.7615 0.18527 0.3256 1.3102 1.4513 0.695 0.695 1 1 0.228 0 0.6 0 44919.0333 -44892.9015 88.952 0.6 5.0496 0 0 0 1 inc 0 
5 27 83.206 72.7615 0.23507 0.3256 1.3731 1.4513 0.695 0.695 1 1 0.228 0 0.6 0 39679.751 -39679.751 83.206 0.6 5.0496 0 0 0 1 inc 1 
5 28 79.5859 73.7635 0.22316 0.27362 1.3595 1.4114 0.695 0.695 1 1 0.304 0 0.8 0 24663.5063 -24663.5063 79.5859 0.8 10.0232 0.02144 0.2 0.2 1 inc 0 
5 29 77.374 73.785 0.24251 0.27362 1.3811 1.4114 0.695 0.695 1 1 0.304 0 0.8 0 14719.9546 -14694.3253 77.374 0.8 10.0232 0 0 0 1 inc 1 
5 30 75.9724 101.9419 0.25466 0.029581 1.3936 0.90409 1.465 1.465 1 1 0.304 0 0.8 0 8715.093 -8715.093 75.9724 0.8 10.0232 0 0 0 1 con 1 
5 31 93.8337 72.7401 0.14278 0.3256 1.2412 1.4513 0.695 0.695 1 1 0.228 0 0.6 0 121657.8438 121657.8438 93.8337 0.6 5.0496 0.02144 0.2 -0.2 1 inc 0 
5 32 86.8892 72.7615 0.20315 0.3256 1.3348 1.4513 0.695 0.695 1 1 0.228 0 0.6 0 48606.6925 -48606.6925 86.8892 0.6 5.0496 0 0 0 1 inc 1 
5 33 81.7584 101.9205 0.20433 0.029581 1.3363 0.90409 1.465 1.465 1 1 0.304 0 0.8 0 34311.3677 -34311.3677 81.7584 0.8 10.0232 0.02144 0.2 0.2 1 con 1 
5 34 96.1084 72.7401 0.12306 0.3256 1.2028 1.4513 0.695 0.695 1 1 0.228 0 0.6 0 93252.8408 93252.8408 96.1084 0.6 5.0496 0.02144 0.2 -0.2 1 inc 0 
5 35 88.7509 72.7615 0.18702 0.3256 1.3127 1.4513 0.695 0.695 1 1 0.228 0 0.6 0 45689.6017 -45689.6017 88.7509 0.6 5.0496 0 0 0 1 inc 0 
5 36 83.0625 72.7615 0.23632 0.3256 1.3745 1.4513 0.695 0.695 1 1 0.228 0 0.6 0 39166.8374 -39166.8374 83.0625 0.6 5.0496 0 0 0 1 inc 1 
5 37 79.5029 101.9205 0.22388 0.029581 1.3604 0.90409 1.465 1.465 1 1 0.304 0 0.8 0 24293.4104 -24293.4104 79.5029 0.8 10.0232 0.02144 0.2 0.2 1 con 1 
5 38 95.2169 72.7401 0.13079 0.3256 1.2184 1.4513 0.695 0.695 1 1 0.228 0 0.6 0 105835.7601 105835.7601 95.2169 0.6 5.0496 0.02144 0.2 -0.2 1 inc 0 
5 39 88.0071 72.7615 0.19346 0.3256 1.3218 1.4513 0.695 0.695 1 1 0.228 0 0.6 0 47710.335 -47710.335 88.0071 0.6 5.0496 0 0 0 1 inc 1 
5 40 82.5363 72.7615 0.24088 0.3256 1.3794 1.4513 0.695 0.695 1 1 0.228 0 0.6 0 37244.511 -37244.511 82.5363 0.6 5.0496 0 0 0 1 inc 1 
5 41 79.1996 101.9205 0.22651 0.029581 1.3634 0.90409 1.465 1.465 1 1 0.304 0 0.8 0 22941.0453 -22941.0453 79.1996 0.8 10.0232 0.02144 0.2 0.2 1 con 0 
5 42 95.0979 72.7401 0.13182 0.3256 1.2205 1.4513 0.695 0.695 1 1 0.228 0 0.6 0 107379.0316 107379.0316 95.0979 0.6 5.0496 0.02144 0.2 -0.2 1 inc 1 
5 43 87.9093 72.7615 0.19431 0.3256 1.3229 1.4513 0.695 0.695 1 1 0.228 0 0.6 0 47891.3888 -47891.3888 87.9093 0.6 5.0496 0 0 0 1 inc 0 
5 44 82.4676 72.7615 0.24147 0.3256 1.38 1.4513 0.695 0.695 1 1 0.228 0 0.6 0 36989.4454 -36989.4454 82.4676 0.6 5.0496 0 0 0 1 inc 0 
5 45 79.1602 101.9205 0.22685 0.029581 1.3638 0.90409 1.465 1.465 1 1 0.304 0 0.8 0 22765.0784 -22765.0784 79.1602 0.8 10.0232 0.02144 0.2 0.2 1 con 0 
5 46 95.0824 72.7401 0.13195 0.3256 1.2207 1.4513 0.695 0.695 1 1 0.228 0 0.6 0 107577.3977 107577.3977 95.0824 0.6 5.0496 0.02144 0.2 -0.2 1 inc 0 
5 47 87.8966 105.9902 0.19442 0.037599 1.3231 0.94506 1.465 1.465 1 1 0.228 0 0.6 0 47913.4287 -47913.4287 87.8966 0.6 5.0496 0 0 0 1 con 1 
5 48 98.2898 72.7615 0.10434 0.3256 1.1615 1.4513 0.695 0.695 1 1 0.228 0 0.6 0 56250.4024 56250.4024 98.2898 0.6 5.0496 0 0 0 1 inc 0 
5 49 90.6421 72.7615 0.17062 0.3256 1.2883 1.4513 0.695 0.695 1 1 0.228 0 0.6 0 36458.6876 -36458.6876 90.6421 0.6 5.0496 0 0 0 1 inc 1 
5 50 84.4332 105.9902 0.22444 0.037599 1.361 0.94506 1.465 1.465 1 1 0.228 0 0.6 0 43775.4696 -43775.4696 84.4332 0.6 5.0496 0 0 0 1 con 1 
5 51 97.0636 105.9902 0.11497 0.037599 1.1856 0.94506 1.465 1.465 1 1 0.228 0 0.6 0 78196.5688 78196.5688 97.0636 0.6 5.0496 0 0 0 1 con 1 
5 52 102.4374 107.8808 0.08466 0.037481 1.1115 0.9445 1.465 1.465 1 1 0.152 0.077 0.4 0.2 4203.6611 4203.6611 102.4374 0.6 3.1422 0.030455 0.4 -5.5511e-17 1 con 1 
5 53 105.1496 107.9113 0.061417 0.037481 1.0404 0.9445 1.465 1.465 1 1 0.152 0.077 0.4 0.2 458.2359 414.6593 105.1496 0.6 3.1422 0 0 0 1 con 1 
5 54 106.411 61.1112 0.050484 0.4431 1.0004 1.5005 0.695 0.695 1 1 0.152 -0.077 0.4 0.2 121.9924 121.9924 106.411 0.6 3.1422 0 0 0 1 inc 1 
5 55 97.4961 72.7311 0.11095 0.3256 1.1767 1.4513 0.695 0.695 1 1 0.228 0 0.6 0 3827.5429 -3827.5429 97.4961 0.6 5.0496 0.030455 0.4 5.5511e-17 1 inc 1 
5 56 89.9581 105.9902 0.17655 0.037599 1.2974 0.94506 1.465 1.465 1 1 0.228 0 0.6 0 40303.722 -40276.3942 89.9581 0.6 5.0496 0 0 0 1 con 1 
5 57 99.0342 105.9902 0.097889 0.037599 1.1459 0.94506 1.465 1.465 1 1 0.228 0 0.6 0 42178.6957 42178.6957 99.0342 0.6 5.0496 0 0 0 1 con 1 
5 58 103.5351 61.0808 0.075146 0.4431 1.0842 1.5005 0.695 0.695 1 1 0.152 -0.077 0.4 0.2 1587.1122 1587.1122 103.5351 0.6 3.1422 0.030455 0.4 -5.5511e-17 1 inc 1 
5 59 94.8765 72.7311 0.13366 0.3256 1.2241 1.4513 0.695 0.695 1 1 0.228 0 0.6 0 11665.4819 -11664.7473 94.8765 0.6 5.0496 0.030455 0.4 5.5511e-17 1 inc 0 
5 60 87.7355 72.7615 0.19582 0.3256 1.325 1.4513 0.695 0.695 1 1 0.228 0 0.6 0 48122.4783 -48097.7498 87.7355 0.6 5.0496 0 0 0 1 inc 1 
5 61 82.3457 105.9902 0.24253 0.037599 1.3811 0.94506 1.465 1.465 1 1 0.228 0 0.6 0 36535.1698 -36535.1698 82.3457 0.6 5.0496 0 0 0 1 con 1 
5 62 96.3345 72.7615 0.12129 0.3256 1.1991 1.4513 0.695 0.695 1 1 0.228 0 0.6 0 90046.7905 90046.7905 96.3345 0.6 5.0496 0 0 0 1 inc 0 
5 63 88.9244 105.9902 0.18551 0.037599 1.3106 0.94506 1.465 1.465 1 1 0.228 0 0.6 0 44990.2428 -44990.2428 88.9244 0.6 5.0496 0 0 0 1 con 1 
5 64 98.6593 105.9902 0.10114 0.037599 1.1539 0.94506 1.465 1.465 1 1 0.228 0 0.6 0 49295.9748 49295.9748 98.6593 0.6 5.0496 0 0 0 1 con 1 
5 65 103.3234 107.8808 0.076981 0.037481 1.0897 0.9445 1.465 1.465 1 1 0.152 0.077 0.4 0.2 1910.9413 1910.9413 103.3234 0.6 3.1422 0.030455 0.4 -5.5511e-17 1 con 0 
5 66 105.5513 107.9113 0.057936 0.037481 1.0282 0.9445 1.465 1.465 1 1 0.152 0.077 0.4 0.2 337.105 292.6931 105.5513 0.6 3.1422 0 0 0 1 con 1 
5 67 106.6136 61.1112 0.048729 0.4431 0.99342 1.5005 0.695 0.695 1 1 0.152 -0.077 0.4 0.2 96.4806 96.4806 106.6136 0.6 3.1422 0 0 0 1 inc 1 
5 68 97.7065 105.9598 0.10913 0.037599 1.1726 0.94506 1.465 1.465 1 1 0.228 0 0.6 0 3491.5122 -3491.5122 97.7065 0.6 5.0496 0.030455 0.4 5.5511e-17 1 con 0 
5 69 102.8085 107.8808 0.081443 0.037481 1.1025 0.9445 1.465 1.465 1 1 0.152 0.077 0.4 0.2 3016.6353 3011.3387 102.8085 0.6 3.1422 0.030455 0.4 -5.5511e-17 1 con 1 
5 70 105.3163 107.9113 0.059973 0.037481 1.0354 0.9445 1.465 1.465 1 1 0.152 0.077 0.4 0.2 403.2748 359.354 105.3163 0.6 3.1422 0 0 0 1 con 1 
5 71 106.4945 107.9113 0.04976 0.037481 0.99752 0.9445 1.465 1.465 1 1 0.152 0.077 0.4 0.2 111.0045 111.0045 106.4945 0.6 3.1422 0 0 0 1 con 1 
5 72 107.2209 108.2277 0.056262 0.047537 1.0221 0.98861 1.465 1.465 1 1 0.076 0.077 0.2 0.2 48.2002 48.2002 107.2209 0.4 1.6442 0.02144 0.2 -0.2 1 con 1 
5 73 107.6644 55.4797 0.052605 0.5049 1.0085 1.506 0.695 0.695 1 1 0.076 -0.077 0.2 0.2 96.6701 -55.8318 107.6644 0.4 1.6442 0 0 0 1 inc 0 
5 74 98.5978 105.9417 0.10125 0.037599 1.1541 0.94506 1.465 1.465 1 1 0.228 0 0.6 0 2368.8875 -2368.8875 98.5978 0.6 5.0496 0.048577 0.6 0.2 1 con 1 
5 75 103.3162 61.0808 0.077044 0.4431 1.0899 1.5005 0.695 0.695 1 1 0.152 -0.077 0.4 0.2 1995.9595 1995.9595 103.3162 0.6 3.1422 0.030455 0.4 -5.5511e-17 1 inc 1 
5 76 94.6953 72.7311 0.13523 0.3256 1.2271 1.4513 0.695 0.695 1 1 0.228 0 0.6 0 12496.8866 -12496.2808 94.6953 0.6 5.0496 0.030455 0.4 5.5511e-17 1 inc 0 
5 77 87.588 72.7615 0.19709 0.3256 1.3267 1.4513 0.695 0.695 1 1 0.228 0 0.6 0 48303.5104 -48278.9432 87.588 0.6 5.0496 0 0 0 1 inc 1 
5 78 82.2426 105.9902 0.24342 0.037599 1.3821 0.94506 1.465 1.465 1 1 0.228 0 0.6 0 36148.8372 -36148.8372 82.2426 0.6 5.0496 0 0 0 1 con 1 
5 79 96.2986 72.7615 0.1216 0.3256 1.1998 1.4513 0.695 0.695 1 1 0.228 0 0.6 0 90602.6429 90602.6429 96.2986 0.6 5.0496 0 0 0 1 inc 1 
5 80 88.8939 105.9902 0.18578 0.037599 1.311 0.94506 1.465 1.465 1 1 0.228 0 0.6 0 45104.3548 -45104.3548 88.8939 0.6 5.0496 0 0 0 1 con 1 
5 81 98.6483 105.9902 0.10123 0.037599 1.1541 0.94506 1.465 1.465 1 1 0.228 0 0.6 0 49504.5448 49504.5448 98.6483 0.6 5.0496 0 0 0 1 con 0 
5 82 103.3172 61.0808 0.077034 0.4431 1.0898 1.5005 0.695 0.695 1 1 0.152 -0.077 0.4 0.2 1921.4032 1921.4032 103.3172 0.6 3.1422 0.030455 0.4 -5.5511e-17 1 inc 1 
5 83 94.6962 72.7311 0.13522 0.3256 1.2271 1.4513 0.695 0.695 1 1 0.228 0 0.6 0 12492.8081 -12492.2021 94.6962 0.6 5.0496 0.030455 0.4 5.5511e-17 1 inc 1 
5 84 87.5887 105.9902 0.19709 0.037599 1.3267 0.94506 1.465 1.465 1 1 0.228 0 0.6 0 48302.7493 -48278.1823 87.5887 0.6 5.0496 0 0 0 1 con 0 
5 85 98.1797 105.9902 0.10529 0.037599 1.1637 0.94506 1.465 1.465 1 1 0.228 0 0.6 0 58301.3768 58301.3768 98.1797 0.6 5.0496 0 0 0 1 con 1 
5 86 103.0547 61.0808 0.07931 0.4431 1.0965 1.5005 0.695 0.695 1 1 0.152 -0.077 0.4 0.2 2423.996 2423.996 103.0547 0.6 3.1422 0.030455 0.4 -5.5511e-17 1 inc 1 
5 87 94.4819 105.9598 0.13708 0.037599 1.2306 0.94506 1.465 1.465 1 1 0.228 0 0.6 0 13521.6822 -13521.2071 94.4819 0.6 5.0496 0.030455 0.4 5.5511e-17 1 con 1 
5 88 101.0617 107.8808 0.096583 0.037481 1.1427 0.9445 1.465 1.465 1 1 0.152 0.077 0.4 0.2 13058.3433 13057.8673 101.0617 0.6 3.1422 0.030455 0.4 -5.5511e-17 1 con 1 
5 89 104.5489 61.1112 0.066623 0.4431 1.0577 1.5005 0.695 0.695 1 1 0.152 -0.077 0.4 0.2 731.4675 689.1455 104.5489 0.6 3.1422 0 0 0 1 inc 0 
5 90 95.7215 72.7311 0.12634 0.3256 1.2095 1.4513 0.695 0.695 1 1 0.228 0 0.6 0 8297.8128 -8297.8128 95.7215 0.6 5.0496 0.030455 0.4 5.5511e-17 1 inc 1 
5 91 88.4333 105.9902 0.18977 0.037599 1.3166 0.94506 1.465 1.465 1 1 0.228 0 0.6 0 46648.4921 -46622.9764 88.4333 0.6 5.0496 0 0 0 1 con 1 
5 92 98.4824 105.9902 0.10267 0.037599 1.1575 0.94506 1.465 1.465 1 1 0.228 0 0.6 0 52638.2183 52638.2183 98.4824 0.6 5.0496 0 0 0 1 con 0 
5 93 103.224 107.8808 0.077842 0.037481 1.0922 0.9445 1.465 1.465 1 1 0.152 0.077 0.4 0.2 2086.1335 2086.1335 103.224 0.6 3.1422 0.030455 0.4 -5.5511e-17 1 con 0 
5 94 105.5056 61.1112 0.058332 0.4431 1.0296 1.5005 0.695 0.695 1 1 0.152 -0.077 0.4 0.2 349.039 304.7228 105.5056 0.6 3.1422 0 0 0 1 inc 1 
5 95 96.6005 105.9598 0.11872 0.037599 1.1937 0.94506 1.465 1.465 1 1 0.228 0 0.6 0 5677.7119 -5677.7119 96.6005 0.6 5.0496 0.030455 0.4 5.5511e-17 1 con 1 
5 96 102.2009 61.0808 0.08671 0.4431 1.1171 1.5005 0.695 0.695 1 1 0.152 -0.077 0.4 0.2 5177.6128 5174.7792 102.2009 0.6 3.1422 0.030455 0.4 -5.5511e-17 1 inc 0 
5 97 93.8063 72.7311 0.14294 0.3256 1.2415 1.4513 0.695 0.695 1 1 0.228 0 0.6 0 17060.4615 -17060.2954 93.8063 0.6 5.0496 0.030455 0.4 5.5511e-17 1 inc 1 
5 98 86.8747 105.9902 0.20328 0.037599 1.3349 0.94506 1.465 1.465 1 1 0.228 0 0.6 0 48560.3384 -48536.4819 86.8747 0.6 5.0496 0 0 0 1 con 1 
5 99 97.9253 72.7615 0.1075 0.3256 1.1689 1.4513 0.695 0.695 1 1 0.228 0 0.6 0 62990.1962 62990.1962 97.9253 0.6 5.0496 0 0 0 1 inc 0 
5 100 90.3131 72.7615 0.17348 0.3256 1.2927 1.4513 0.695 0.695 1 1 0.228 0 0.6 0 38342.0396 -38342.0396 90.3131 0.6 5.0496 0 0 0 1 inc 1 
5 101 84.1912 105.9902 0.22654 0.037599 1.3635 0.94506 1.465 1.465 1 1 0.228 0 0.6 0 43018.9747 -43018.9747 84.1912 0.6 5.0496 0 0 0 1 con 0 
