id LogIdx EVCs(:,1) EVCs(:,2) ERs(:,1) ERs(:,2) RTs(:,1) RTs(:,2) ExpectedStateParam ActualStateParam ControlParamType_1 ControlParamType_2 ControlParamVal_1 ControlParamVal_2 CtrlIntensities_1 CtrlIntensities_2 ACC_HypotheticalBOLD_1 ACC_HypotheticalBOLD_2 ACC_HypotheticalBOLD_3 ACC_HypotheticalBOLD_4 ACC_HypotheticalBOLD_5 ACC_HypotheticalBOLD_6 ACC_HypotheticalBOLD_7 ACC_HypotheticalBOLD_8 TrialType TrialDescr condition 
5 1 69.4138 69.4138 0.31105 0.31105 0.66571 0.66571 0.48 0.48 1 1 0.304 0 0.8 0 0 0 69.4138 0.8 10.0232 0.052313 1 0.2 1 A_inc 0 
5 2 69.4661 69.4661 0.31105 0.31105 0.66571 0.66571 0.48 0.48 1 1 0.304 0 0.8 0 153.5554 72.7523 69.4661 0.8 10.0232 0 0 0 1 A_inc 1 
5 3 73.1408 99.9802 0.27848 0.045861 0.65606 0.49326 -0.28 -0.28 1 1 0 -0.304 0 0.8 478241.8171 30100.5609 73.1408 0.8 10.0232 0.083287 1.6 0 1 B_con -1 
5 4 33.2048 104.8714 0.70456 0.083417 0.66132 0.54066 1.28 1.28 1 1 0.076 0 0.2 0 327648.7038 -261370.0619 33.2048 0.2 0.82212 0.060043 1 -0.6 1 A_con 0 
5 5 48.6199 104.9112 0.5713 0.083417 0.68666 0.54066 -0.28 -0.28 1 1 0 -0.076 0 0.2 136872.3799 73597.395 48.6199 0.2 0.82212 0.020201 0.4 0 1 B_con 1 
5 6 79.6178 65.8958 0.28971 0.40864 0.6596 0.6845 0.52 0.52 1 1 0 -0.152 0 0.4 442212.0347 442212.0347 79.6178 0.4 2.3201 0.014243 0.2 0.2 1 B_inc 0 
5 7 75.4574 68.9649 0.30211 0.35838 0.66325 0.6766 0.52 0.52 1 1 0 -0.228 0 0.6 118502.5199 -117981.6616 75.4574 0.6 5.0496 0.014243 0.2 0.2 1 B_inc 1 
5 8 58.2057 68.9173 0.45122 0.35838 0.68844 0.6766 0.48 0.48 1 1 0.228 0 0.6 0 427904.4029 -223206.5605 58.2057 0.6 5.0496 0.061837 1.2 0 1 A_inc 0 
5 9 62.6445 103.8527 0.41328 0.056126 0.68505 0.50825 1.28 1.28 1 1 0.228 0 0.6 0 26573.1593 26056.293 62.6445 0.6 5.0496 0 0 0 1 A_con 1 
5 10 86.3712 103.8527 0.20764 0.056126 0.62788 0.50825 1.28 1.28 1 1 0.228 0 0.6 0 293168.0135 293168.0135 86.3712 0.6 5.0496 0 0 0 1 A_con 0 
5 11 95.985 58.7189 0.14067 0.46366 0.58917 0.68914 0.48 0.48 1 1 0.152 -0.08 0.4 0.2 36473.2098 36473.2098 95.985 0.6 3.1422 0.020201 0.4 -5.5511e-17 1 A_inc 0 
5 12 87.346 103.8325 0.19902 0.056126 0.62366 0.50825 1.28 1.28 1 1 0.228 0 0.6 0 51719.9851 -51719.6726 87.346 0.6 5.0496 0.020201 0.4 5.5511e-17 1 A_con 1 
5 13 23.817 103.6588 0.7932 0.1012 0.62748 0.5579 -0.28 -0.28 1 1 0 0 0 0 514483.2326 -514483.2326 23.817 0 0 0.043339 0.6 -0.6 1 B_con 1 
5 14 55.9127 104.9172 0.50815 0.083417 0.68996 0.54066 1.28 1.28 1 1 0.076 0 0.2 0 221554.4397 221554.4397 55.9127 0.2 0.82212 0.014243 0.2 0.2 1 A_con 0 
5 15 83.5273 105.808 0.24865 0.055535 0.6455 0.50744 1.28 1.28 1 1 0.152 0.08 0.4 0.2 339256.8622 339256.8622 83.5273 0.6 3.1422 0.020201 0.4 0.4 1 A_con 1 
5 16 23.278 56.042 0.79797 0.514 0.62516 0.68987 0.52 0.52 1 1 0 0 0 0 561580.6869 -561580.6869 23.278 0 0 0.032128 0.6 -0.6 1 B_inc 1 
5 17 87.1455 68.9358 0.20055 0.35838 0.62443 0.6766 0.48 0.48 1 1 0.228 0 0.6 0 545824.7803 545824.7803 87.1455 0.6 5.0496 0.043339 0.6 0.6 1 A_inc 1 
5 18 46.8678 65.8578 0.57323 0.40864 0.68648 0.6845 0.52 0.52 1 1 0 -0.152 0 0.4 438716.3281 -418076.9974 46.8678 0.4 2.3201 0.052313 1 -0.2 1 B_inc 0 
5 19 55.884 68.9649 0.47176 0.35838 0.68948 0.6766 0.52 0.52 1 1 0 -0.228 0 0.6 60843.4413 60712.3314 55.884 0.6 5.0496 0.014243 0.2 0.2 1 B_inc 1 
5 20 61.2515 103.8527 0.42536 0.056126 0.68634 0.50825 -0.28 -0.28 1 1 0 -0.228 0 0.6 33693.8179 33689.9039 61.2515 0.6 5.0496 0 0 0 1 B_con 1 
5 21 37.1797 61.3347 0.67024 0.46088 0.67044 0.689 0.48 0.48 1 1 0.076 0 0.2 0 261091.0053 -175192.5309 37.1797 0.2 0.82212 0.045736 0.8 -0.4 1 A_inc 0 
5 22 80.9652 68.9334 0.2541 0.35838 0.64756 0.6766 0.52 0.52 1 1 0 -0.228 0 0.6 442857.7902 379460.7985 80.9652 0.6 5.0496 0.045736 0.8 0.4 1 B_inc 0 
5 23 58.4125 68.9173 0.44943 0.35838 0.68832 0.6766 0.48 0.48 1 1 0.228 0 0.6 0 454170.1312 -221033.5993 58.4125 0.6 5.0496 0.061837 1.2 0 1 A_inc 1 
5 24 62.766 103.8527 0.41223 0.056126 0.68493 0.50825 1.28 1.28 1 1 0.228 0 0.6 0 26524.4865 26407.2635 62.766 0.6 5.0496 0 0 0 1 A_con 1 
5 25 86.4206 68.9791 0.20721 0.35838 0.62768 0.6766 0.48 0.48 1 1 0.228 0 0.6 0 288486.8139 288486.8139 86.4206 0.6 5.0496 0 0 0 1 A_inc 0 
5 26 49.7091 68.9173 0.52486 0.35838 0.6896 0.6766 0.52 0.52 1 1 0 -0.228 0 0.6 438219.1156 -372256.4289 49.7091 0.6 5.0496 0.061837 1.2 0 1 B_inc 0 
5 27 57.624 103.8527 0.4568 0.056126 0.68878 0.50825 -0.28 -0.28 1 1 0 -0.228 0 0.6 51229.4077 51122.9647 57.624 0.6 5.0496 0 0 0 1 B_con 0 
5 28 38.2796 104.8857 0.6607 0.083417 0.67264 0.54066 1.28 1.28 1 1 0.076 0 0.2 0 239507.0549 -150261.0639 38.2796 0.2 0.82212 0.045736 0.8 -0.4 1 A_con 0 
5 29 73.8778 65.8958 0.33946 0.40864 0.67267 0.6845 0.48 0.48 1 1 0.152 0 0.4 0 459120.3388 459120.3388 73.8778 0.4 2.3201 0.014243 0.2 0.2 1 A_inc 0 
5 30 54.0176 103.8004 0.4876 0.056126 0.6899 0.50825 -0.28 -0.28 1 1 0 -0.228 0 0.6 388362.1622 -325386.3712 54.0176 0.6 5.0496 0.052313 1 0.2 1 B_con 0 
5 31 82.7646 103.8527 0.2389 0.056126 0.64166 0.50825 -0.28 -0.28 1 1 0 -0.228 0 0.6 362922.0725 362922.0725 82.7646 0.6 5.0496 0 0 0 1 B_con 0 
5 32 95.0149 58.7189 0.14908 0.46366 0.59487 0.68914 0.52 0.52 1 1 0.08 -0.152 0.2 0.4 21510.1216 21510.1216 95.0149 0.6 3.1422 0.020201 0.4 -5.5511e-17 1 B_inc 1 
5 33 36.7532 104.9027 0.67408 0.083417 0.66952 0.54066 1.28 1.28 1 1 0.076 0 0.2 0 523123.7803 -523123.7803 36.7532 0.2 0.82212 0.028688 0.4 -0.4 1 A_con 0 
5 34 45.843 103.6879 0.60255 0.1012 0.68305 0.5579 -0.28 -0.28 1 1 0 0 0 0 102351.0864 26271.7771 45.843 0 0 0.014243 0.2 -0.2 1 B_con 0 
5 35 77.806 105.1231 0.30528 0.068523 0.66414 0.52407 -0.28 -0.28 1 1 0 -0.152 0 0.4 479940.1304 479940.1304 77.806 0.4 2.3201 0.028688 0.4 0.4 1 B_con 0 
5 36 25.7066 56.0454 0.77695 0.514 0.63496 0.68987 0.48 0.48 1 1 0 0 0 0 549595.8918 -549595.8918 25.7066 0 0 0.028688 0.4 -0.4 1 A_inc 0 
5 37 85.5806 103.8094 0.21412 0.056126 0.63093 0.50825 -0.28 -0.28 1 1 0 -0.228 0 0.6 532992.5356 532992.5356 85.5806 0.6 5.0496 0.043339 0.6 0.6 1 B_con 1 
5 38 23.9689 103.6588 0.79188 0.1012 0.62811 0.5579 1.28 1.28 1 1 0 0 0 0 533010.9836 -533010.9836 23.9689 0 0 0.043339 0.6 -0.6 1 A_con 0 
5 39 55.6184 103.7022 0.51795 0.1012 0.68979 0.5579 -0.28 -0.28 1 1 0 0 0 0 212057.3783 212057.3783 55.6184 0 0 0 0 0 1 B_con 1 
5 40 83.318 58.707 0.25036 0.46366 0.64615 0.68914 0.52 0.52 1 1 0.08 -0.152 0.2 0.4 349053.0593 349053.0593 83.318 0.6 3.1422 0.032128 0.6 0.6 1 B_inc 0 
5 41 44.7355 104.9027 0.6049 0.083417 0.68272 0.54066 1.28 1.28 1 1 0.076 0 0.2 0 472358.7427 -472358.7427 44.7355 0.2 0.82212 0.028688 0.4 -0.4 1 A_con 0 
5 42 77.7362 68.9504 0.28223 0.35838 0.65727 0.6766 0.48 0.48 1 1 0.228 0 0.6 0 449205.3611 449205.3611 77.7362 0.6 5.0496 0.028688 0.4 0.4 1 A_inc 1 
5 43 50.8768 65.8578 0.53848 0.40864 0.68903 0.6845 0.52 0.52 1 1 0 -0.152 0 0.4 404999.7239 -385086.6905 50.8768 0.4 2.3201 0.052313 1 -0.2 1 B_inc 0 
5 44 73.6865 103.8004 0.31713 0.056126 0.66731 0.50825 1.28 1.28 1 1 0.228 0 0.6 0 438652.0737 203030.804 73.6865 0.6 5.0496 0.052313 1 0.2 1 A_con 0 
5 45 30.8508 103.6588 0.73224 0.1012 0.65247 0.5579 -0.28 -0.28 1 1 0 0 0 0 357730.492 -347021.4461 30.8508 0 0 0.043339 0.6 -0.6 1 B_con 0 
5 46 67.6127 65.8814 0.39363 0.40864 0.68252 0.6845 0.52 0.52 1 1 0 -0.152 0 0.4 445074.0324 445074.0324 67.6127 0.4 2.3201 0.028688 0.4 0.4 1 B_inc 1 
5 47 67.8554 68.9649 0.368 0.35838 0.6784 0.6766 0.52 0.52 1 1 0 -0.228 0 0.6 117592.3711 -111505.1038 67.8554 0.6 5.0496 0.014243 0.2 0.2 1 B_inc 1 
5 48 63.9061 103.7909 0.40181 0.056126 0.68364 0.50825 1.28 1.28 1 1 0.228 0 0.6 0 429799.4241 -82054.4943 63.9061 0.6 5.0496 0.061837 1.2 0 1 A_con 1 
5 49 86.9078 68.9791 0.20299 0.35838 0.62563 0.6766 0.48 0.48 1 1 0.228 0 0.6 0 284627.848 284627.848 86.9078 0.6 5.0496 0 0 0 1 A_inc 0 
5 50 47.0401 105.0995 0.57173 0.068523 0.68662 0.52407 -0.28 -0.28 1 1 0 -0.152 0 0.4 437995.1652 -416696.8416 47.0401 0.4 2.3201 0.052313 1 -0.2 1 B_con 1 
5 51 41.2304 56.0454 0.6424 0.514 0.67645 0.68987 0.48 0.48 1 1 0 0 0 0 167660.1506 -79403.4053 41.2304 0 0 0.028688 0.4 -0.4 1 A_inc 1 
5 52 76.9088 68.9358 0.28928 0.35838 0.65947 0.6766 0.52 0.52 1 1 0 -0.228 0 0.6 421370.6441 363367.2027 76.9088 0.6 5.0496 0.043339 0.6 0.6 1 B_inc 1 
5 53 73.8709 68.9791 0.31598 0.35838 0.66702 0.6766 0.52 0.52 1 1 0 -0.228 0 0.6 65524.4876 -65348.9817 73.8709 0.6 5.0496 0 0 0 1 B_inc 1 
5 54 65.0565 103.7909 0.39184 0.056126 0.68226 0.50825 1.28 1.28 1 1 0.228 0 0.6 0 459903.3742 -94381.4221 65.0565 0.6 5.0496 0.061837 1.2 0 1 A_con 1 
5 55 35.3737 103.6588 0.69303 0.1012 0.6646 0.5579 -0.28 -0.28 1 1 0 0 0 0 280680.639 -217367.8887 35.3737 0 0 0.043339 0.6 -0.6 1 B_con 1 
5 56 71.9113 105.1231 0.35638 0.068523 0.67621 0.52407 -0.28 -0.28 1 1 0 -0.152 0 0.4 449784.3816 449784.3816 71.9113 0.4 2.3201 0.028688 0.4 0.4 1 B_con 1 
5 57 90.6959 105.814 0.18657 0.055535 0.61721 0.50744 -0.28 -0.28 1 1 -0.08 -0.152 0.2 0.4 80035.0538 80035.0538 90.6959 0.6 3.1422 0.014243 0.2 0.2 1 B_con 0 
5 58 98.6957 105.5442 0.10425 0.04489 0.56063 0.49174 -0.28 -0.28 1 1 -0.16 -0.152 0.4 0.4 2479.6926 2479.6926 98.6957 0.8 4.6402 0.014243 0.2 0.2 1 B_con 1 
5 59 102.1172 105.814 0.087576 0.055535 0.54492 0.50744 -0.28 -0.28 1 1 -0.08 -0.152 0.2 0.4 578.299 578.299 102.1172 0.6 3.1422 0.014243 0.2 -0.2 1 B_con 0 
5 60 14.3279 56.042 0.87554 0.514 0.5773 0.68987 0.48 0.48 1 1 0 0 0 0 569759.0569 -569759.0569 14.3279 0 0 0.032128 0.6 -0.6 1 A_inc 0 
5 61 26.853 56.0741 0.76726 0.514 0.63912 0.68987 0.48 0.48 1 1 0 0 0 0 4511.1031 4195.5709 26.853 0 0 0 0 0 1 A_inc 0 
5 62 38.4369 105.1231 0.6465 0.068523 0.67564 0.52407 1.28 1.28 1 1 0.152 0 0.4 0 69566.9553 69566.9553 38.4369 0.4 2.3201 0.028688 0.4 0.4 1 A_con 1 
5 63 74.7182 103.8385 0.30852 0.056126 0.66503 0.50825 1.28 1.28 1 1 0.228 0 0.6 0 406803.0455 406803.0455 74.7182 0.6 5.0496 0.014243 0.2 0.2 1 A_con 1 
5 64 28.0843 56.0308 0.75621 0.514 0.64361 0.68987 0.52 0.52 1 1 0 0 0 0 477515.352 -477515.352 28.0843 0 0 0.043339 0.6 -0.6 1 B_inc 1 
5 65 84.772 103.8094 0.22113 0.056126 0.63411 0.50825 1.28 1.28 1 1 0.228 0 0.6 0 506311.2488 506311.2488 84.772 0.6 5.0496 0.043339 0.6 0.6 1 A_con 1 
5 66 95.1357 105.808 0.14803 0.055535 0.59418 0.50744 1.28 1.28 1 1 0.152 0.08 0.4 0.2 58315.7212 58315.7212 95.1357 0.6 3.1422 0.020201 0.4 -5.5511e-17 1 A_con 1 
5 67 100.5547 58.7391 0.10124 0.46366 0.55794 0.68914 0.48 0.48 1 1 0.152 -0.08 0.4 0.2 1758.5696 1718.9707 100.5547 0.6 3.1422 0 0 0 1 A_inc 0 
5 68 31.7335 103.67 0.72468 0.1012 0.65503 0.5579 -0.28 -0.28 1 1 0 0 0 0 550210.4765 -550210.4765 31.7335 0 0 0.032128 0.6 -0.6 1 B_con 1 
5 69 49.4424 61.3662 0.56423 0.46088 0.68729 0.689 0.48 0.48 1 1 0.076 0 0.2 0 119318.099 93348.2346 49.4424 0.2 0.82212 0.014243 0.2 0.2 1 A_inc 1 
5 70 56.0524 103.824 0.47017 0.056126 0.68942 0.50825 1.28 1.28 1 1 0.228 0 0.6 0 95037.5441 90043.8854 56.0524 0.6 5.0496 0.028688 0.4 0.4 1 A_con 0 
5 71 83.6343 68.9791 0.23136 0.35838 0.63854 0.6766 0.48 0.48 1 1 0.228 0 0.6 0 346722.4639 346722.4639 83.6343 0.6 5.0496 0 0 0 1 A_inc 0 
5 72 48.0296 105.0995 0.56316 0.068523 0.68738 0.52407 -0.28 -0.28 1 1 0 -0.152 0 0.4 429293.6207 -415900.8804 48.0296 0.4 2.3201 0.052313 1 -0.2 1 B_con 0 
5 73 40.4507 103.6735 0.64916 0.1012 0.6751 0.5579 1.28 1.28 1 1 0 0 0 0 158417.7911 -94567.0598 40.4507 0 0 0.028688 0.4 -0.4 1 A_con 0 
5 74 43.4408 56.0741 0.62349 0.514 0.67987 0.68987 0.52 0.52 1 1 0 0 0 0 53633.6878 -5787.0764 43.4408 0 0 0 0 0 1 B_inc 1 
5 75 50.6513 65.8814 0.54064 0.40864 0.68892 0.6845 0.52 0.52 1 1 0 -0.152 0 0.4 119279.7116 117176.0897 50.6513 0.4 2.3201 0.028688 0.4 0.4 1 B_inc 0 
5 76 73.2387 103.8004 0.32101 0.056126 0.6683 0.50825 1.28 1.28 1 1 0.228 0 0.6 0 433550.219 208058.5747 73.2387 0.6 5.0496 0.052313 1 0.2 1 A_con 1 
5 77 90.5969 103.8527 0.17102 0.056126 0.60851 0.50825 1.28 1.28 1 1 0.228 0 0.6 0 201064.0875 201064.0875 90.5969 0.6 5.0496 0 0 0 1 A_con 1 
5 78 21.4201 56.0308 0.81397 0.514 0.61692 0.68987 0.52 0.52 1 1 0 0 0 0 558344.2932 -558344.2932 21.4201 0 0 0.043339 0.6 -0.6 1 B_inc 1 
5 79 89.8633 68.9358 0.177 0.35838 0.61194 0.6766 0.48 0.48 1 1 0.228 0 0.6 0 537029.4735 537029.4735 89.8633 0.6 5.0496 0.043339 0.6 0.6 1 A_inc 1 
5 80 82.6875 68.9791 0.23957 0.35838 0.64193 0.6766 0.48 0.48 1 1 0.228 0 0.6 0 101036.2753 -100874.6528 82.6875 0.6 5.0496 0 0 0 1 A_inc 0 
5 81 57.4483 103.7909 0.45778 0.056126 0.68883 0.50825 -0.28 -0.28 1 1 0 -0.228 0 0.6 456392.2901 -237874.5595 57.4483 0.6 5.0496 0.061837 1.2 0 1 B_con 0 
5 82 38.405 104.8857 0.65962 0.083417 0.67288 0.54066 1.28 1.28 1 1 0.076 0 0.2 0 239867.1302 -147744.5877 38.405 0.2 0.82212 0.045736 0.8 -0.4 1 A_con 0 
5 83 44.7938 56.0599 0.61164 0.514 0.68175 0.68987 0.52 0.52 1 1 0 0 0 0 94826.5161 6633.6231 44.7938 0 0 0.014243 0.2 -0.2 1 B_inc 0 
5 84 52.3247 65.8814 0.52614 0.40864 0.68955 0.6845 0.52 0.52 1 1 0 -0.152 0 0.4 111859.2091 110187.0172 52.3247 0.4 2.3201 0.028688 0.4 0.4 1 B_inc 1 
5 85 59.1524 68.9649 0.44343 0.35838 0.6879 0.6766 0.52 0.52 1 1 0 -0.228 0 0.6 49631.6416 49065.6893 59.1524 0.6 5.0496 0.014243 0.2 0.2 1 B_inc 0 
5 86 63.1727 68.9791 0.40871 0.35838 0.68451 0.6766 0.52 0.52 1 1 0 -0.228 0 0.6 23763.7701 23497.4421 63.1727 0.6 5.0496 0 0 0 1 B_inc 1 
5 87 65.5573 69.4519 0.34481 0.31105 0.67384 0.66571 0.52 0.52 1 1 0 -0.304 0 0.8 12258.6464 12115.4904 65.5573 0.8 10.0232 0.014243 0.2 0.2 1 B_inc 0 
5 88 73.0188 99.9802 0.27954 0.045861 0.65641 0.49326 1.28 1.28 1 1 0.304 0 0.8 0 472086.4197 55582.8177 73.0188 0.8 10.0232 0.083287 1.6 0 1 A_con 1 
5 89 32.684 56.0159 0.71622 0.514 0.65776 0.68987 0.52 0.52 1 1 0 0 0 0 329191.4879 -278361.076 32.684 0 0 0.058199 0.8 -0.8 1 B_inc 0 
5 90 84.2295 68.9358 0.22583 0.35838 0.63618 0.6766 0.48 0.48 1 1 0.228 0 0.6 0 454066.8172 417690.253 84.2295 0.6 5.0496 0.043339 0.6 0.6 1 A_inc 1 
5 91 56.2916 68.9173 0.46781 0.35838 0.68932 0.6766 0.52 0.52 1 1 0 -0.228 0 0.6 457171.4753 -256814.0426 56.2916 0.6 5.0496 0.061837 1.2 0 1 B_inc 1 
5 92 61.5194 103.8527 0.42304 0.056126 0.68611 0.50825 -0.28 -0.28 1 1 0 -0.228 0 0.6 32160.4645 32062.5074 61.5194 0.6 5.0496 0 0 0 1 B_con 0 
5 93 37.3776 61.3347 0.66852 0.46088 0.67085 0.689 0.48 0.48 1 1 0.076 0 0.2 0 264995.6397 -171281.7956 37.3776 0.2 0.82212 0.045736 0.8 -0.4 1 A_inc 0 
5 94 81.04 103.807 0.25345 0.056126 0.64732 0.50825 -0.28 -0.28 1 1 0 -0.228 0 0.6 444170.1657 373678.421 81.04 0.6 5.0496 0.045736 0.8 0.4 1 B_con 1 
5 95 27.6056 103.6588 0.76036 0.1012 0.64195 0.5579 1.28 1.28 1 1 0 0 0 0 422362.7559 -420173.224 27.6056 0 0 0.043339 0.6 -0.6 1 A_con 1 
5 96 52.6515 104.9172 0.53641 0.083417 0.68913 0.54066 -0.28 -0.28 1 1 0 -0.076 0 0.2 150613.8724 149186.3986 52.6515 0.2 0.82212 0.014243 0.2 0.2 1 B_con 0 
5 97 81.7315 58.7189 0.26421 0.46366 0.65123 0.68914 0.52 0.52 1 1 0.08 -0.152 0.2 0.4 405733.9354 405733.9354 81.7315 0.6 3.1422 0.020201 0.4 0.4 1 B_inc 0 
5 98 76.552 103.8325 0.29257 0.056126 0.66047 0.50825 -0.28 -0.28 1 1 0 -0.228 0 0.6 102267.5893 -101766.3334 76.552 0.6 5.0496 0.020201 0.4 5.5511e-17 1 B_con 0 
5 99 91.8755 68.9791 0.15993 0.35838 0.60183 0.6766 0.52 0.52 1 1 0 -0.228 0 0.6 107779.0357 107779.0357 91.8755 0.6 5.0496 0 0 0 1 B_inc 1 
5 100 40.0262 65.8578 0.63252 0.40864 0.6783 0.6845 0.48 0.48 1 1 0.152 0 0.4 0 492411.4409 -492411.4409 40.0262 0.4 2.3201 0.052313 1 -0.2 1 A_inc 1 
5 101 50.9496 103.8385 0.51452 0.056126 0.68986 0.50825 1.28 1.28 1 1 0.228 0 0.6 0 83325.4713 83199.5555 50.9496 0.6 5.0496 0.014243 0.2 0.2 1 A_con 0 
5 102 40.2676 104.8857 0.64347 0.083417 0.67624 0.54066 -0.28 -0.28 1 1 0 -0.076 0 0.2 199161.7191 -103282.0925 40.2676 0.2 0.82212 0.045736 0.8 -0.4 1 B_con 1 
5 103 43.55 103.6879 0.62242 0.1012 0.68005 0.5579 1.28 1.28 1 1 0 0 0 0 78730.2933 -12570.3083 43.55 0 0 0.014243 0.2 -0.2 1 A_con 1 
5 104 76.0008 65.8814 0.32093 0.40864 0.66828 0.6845 0.48 0.48 1 1 0.152 0 0.4 0 507392.5965 507392.5965 76.0008 0.4 2.3201 0.028688 0.4 0.4 1 A_inc 0 
5 105 50.2981 105.111 0.5436 0.068523 0.68876 0.52407 -0.28 -0.28 1 1 0 -0.152 0 0.4 407405.9102 -403827.4036 50.2981 0.4 2.3201 0.040811 0.8 0 1 B_con 0 
5 106 38.7554 103.6735 0.66385 0.1012 0.67193 0.5579 1.28 1.28 1 1 0 0 0 0 150107.6429 -123891.9462 38.7554 0 0 0.028688 0.4 -0.4 1 A_con 0 
5 107 44.5048 56.0741 0.61427 0.514 0.68135 0.68987 0.52 0.52 1 1 0 0 0 0 35734.5208 13261.5912 44.5048 0 0 0 0 0 1 B_inc 1 
5 108 72.4134 68.9358 0.32824 0.35838 0.67008 0.6766 0.48 0.48 1 1 0.228 0 0.6 0 391885.4437 378759.8171 72.4134 0.6 5.0496 0.043339 0.6 0.6 1 A_inc 1 
5 109 59.7637 68.9173 0.43772 0.35838 0.68745 0.6766 0.52 0.52 1 1 0 -0.228 0 0.6 422936.8411 -185777.1105 59.7637 0.6 5.0496 0.061837 1.2 0 1 B_inc 1 
5 110 71.6955 68.9173 0.3343 0.35838 0.6715 0.6766 0.48 0.48 1 1 0.228 0 0.6 0 453518.3424 93887.8003 71.6955 0.6 5.0496 0.061837 1.2 0 1 A_inc 0 
5 111 67.2781 68.9173 0.37259 0.35838 0.6792 0.6766 0.52 0.52 1 1 0 -0.228 0 0.6 462998.4648 -51469.8137 67.2781 0.6 5.0496 0.061837 1.2 0 1 B_inc 1 
5 112 71.6502 99.9902 0.29149 0.045861 0.66014 0.49326 1.28 1.28 1 1 0.304 0 0.8 0 469702.6212 29103.5495 71.6502 0.8 10.0232 0.073271 1.4 0.2 1 A_con 0 
5 113 89.8841 103.8385 0.17707 0.056126 0.61198 0.50825 1.28 1.28 1 1 0.228 0 0.6 0 238163.2983 238163.2983 89.8841 0.6 5.0496 0.014243 0.2 -0.2 1 A_con 0 
5 114 22.4848 103.6588 0.80474 0.1012 0.62176 0.5579 -0.28 -0.28 1 1 0 0 0 0 535429.7492 -535429.7492 22.4848 0 0 0.043339 0.6 -0.6 1 B_con 1 
5 115 57.2402 104.9172 0.49664 0.083417 0.68997 0.54066 1.28 1.28 1 1 0.076 0 0.2 0 258703.0252 258703.0252 57.2402 0.2 0.82212 0.014243 0.2 0.2 1 A_con 1 
5 116 34.3096 56.0599 0.70251 0.514 0.66192 0.68987 0.52 0.52 1 1 0 0 0 0 254034.1854 -254034.1854 34.3096 0 0 0.014243 0.2 -0.2 1 B_inc 0 
5 117 42.9554 61.3662 0.62045 0.46088 0.68037 0.689 0.52 0.52 1 1 0 -0.076 0 0.2 71763.1518 71269.4006 42.9554 0.2 0.82212 0.014243 0.2 0.2 1 B_inc 1 
5 118 76.7274 68.9334 0.29083 0.35838 0.65994 0.6766 0.48 0.48 1 1 0.228 0 0.6 0 428750.1445 322219.8484 76.7274 0.6 5.0496 0.045736 0.8 0.4 1 A_inc 1 
5 119 60.8147 103.7909 0.42861 0.056126 0.68665 0.50825 -0.28 -0.28 1 1 0 -0.228 0 0.6 449633.1096 -173473.5708 60.8147 0.6 5.0496 0.061837 1.2 0 1 B_con 1 
5 120 85.6472 68.9791 0.21392 0.35838 0.63084 0.6766 0.52 0.52 1 1 0 -0.228 0 0.6 304392.4282 304392.4282 85.6472 0.6 5.0496 0 0 0 1 B_inc 0 
5 121 79.6116 68.9791 0.26623 0.35838 0.65194 0.6766 0.52 0.52 1 1 0 -0.228 0 0.6 107833.5172 -107832.8156 79.6116 0.6 5.0496 0 0 0 1 B_inc 0 
5 122 75.5687 103.8527 0.30127 0.056126 0.66301 0.50825 -0.28 -0.28 1 1 0 -0.228 0 0.6 65612.4907 -65612.1202 75.5687 0.6 5.0496 0 0 0 1 B_con 0 
5 123 91.4847 68.9791 0.16332 0.35838 0.60392 0.6766 0.52 0.52 1 1 0 -0.228 0 0.6 199014.3975 199014.3975 91.4847 0.6 5.0496 0 0 0 1 B_inc 1 
5 124 83.891 103.8527 0.22914 0.056126 0.6376 0.50825 -0.28 -0.28 1 1 0 -0.228 0 0.6 98411.4305 -98411.4305 83.891 0.6 5.0496 0 0 0 1 B_con 0 
5 125 94.7445 103.8527 0.13507 0.056126 0.5852 0.50825 -0.28 -0.28 1 1 0 -0.228 0 0.6 108381.6673 108381.6673 94.7445 0.6 5.0496 0 0 0 1 B_con 1 
5 126 19.188 103.6588 0.83332 0.1012 0.60595 0.5579 1.28 1.28 1 1 0 0 0 0 565483.5085 -565483.5085 19.188 0 0 0.043339 0.6 -0.6 1 A_con 0 
5 127 55.0371 56.0741 0.52298 0.514 0.68965 0.68987 0.48 0.48 1 1 0 0 0 0 192179.8607 192179.8607 55.0371 0 0 0 0 0 1 A_inc 1 
5 128 64.3498 103.8094 0.39813 0.056126 0.68314 0.50825 -0.28 -0.28 1 1 0 -0.228 0 0.6 298558.2423 128738.0911 64.3498 0.6 5.0496 0.043339 0.6 0.6 1 B_con 1 
5 129 87.0793 68.9791 0.2015 0.35838 0.6249 0.6766 0.52 0.52 1 1 0 -0.228 0 0.6 240490.0958 240490.0958 87.0793 0.6 5.0496 0 0 0 1 B_inc 1 
5 130 80.621 103.8527 0.25748 0.056126 0.64881 0.50825 -0.28 -0.28 1 1 0 -0.228 0 0.6 96070.4094 -96054.6692 80.621 0.6 5.0496 0 0 0 1 B_con 0 
5 131 93.4559 103.8527 0.14624 0.056126 0.59298 0.50825 -0.28 -0.28 1 1 0 -0.228 0 0.6 100571.367 100571.367 93.4559 0.6 5.0496 0 0 0 1 B_con 0 
5 132 99.6938 105.808 0.10853 0.055535 0.56436 0.50744 -0.28 -0.28 1 1 -0.08 -0.152 0.2 0.4 2731.5032 2731.5032 99.6938 0.6 3.1422 0.020201 0.4 -5.5511e-17 1 B_con 1 
5 133 102.6127 58.7391 0.083405 0.46366 0.54065 0.68914 0.52 0.52 1 1 0.08 -0.152 0.2 0.4 504.1703 460.5228 102.6127 0.6 3.1422 0 0 0 1 B_inc 1 
5 134 29.3568 56.042 0.74528 0.514 0.64779 0.68987 0.48 0.48 1 1 0 0 0 0 560331.8497 -560331.8497 29.3568 0 0 0.032128 0.6 -0.6 1 A_inc 0 
5 135 41.0952 65.8814 0.62346 0.40864 0.67987 0.6845 0.48 0.48 1 1 0.152 0 0.4 0 83365.1535 83180.7011 41.0952 0.4 2.3201 0.028688 0.4 0.4 1 A_inc 1 
5 136 52.0217 103.8385 0.50523 0.056126 0.68997 0.50825 1.28 1.28 1 1 0.228 0 0.6 0 71466.9551 71466.9362 52.0217 0.6 5.0496 0.014243 0.2 0.2 1 A_con 1 
5 137 40.576 61.3347 0.6408 0.46088 0.67676 0.689 0.52 0.52 1 1 0 -0.076 0 0.2 215759.1059 -101201.4664 40.576 0.2 0.82212 0.045736 0.8 -0.4 1 B_inc 1 
5 138 50.745 103.824 0.51617 0.056126 0.68983 0.50825 -0.28 -0.28 1 1 0 -0.228 0 0.6 92875.6638 92674.0075 50.745 0.6 5.0496 0.028688 0.4 0.4 1 B_con 0 
5 139 39.8717 103.6588 0.65405 0.1012 0.67408 0.5579 1.28 1.28 1 1 0 0 0 0 187590.7015 -110891.2917 39.8717 0 0 0.043339 0.6 -0.6 1 A_con 1 
5 140 43.7915 103.7022 0.62045 0.1012 0.68037 0.5579 -0.28 -0.28 1 1 0 0 0 0 67100.7515 -5139.9614 43.7915 0 0 0 0 0 1 B_con 1 
5 141 41.4469 103.7022 0.64077 0.1012 0.67677 0.5579 1.28 1.28 1 1 0 0 0 0 35485.8268 -20609.2925 41.4469 0 0 0 0 0 1 A_con 0 
5 142 42.8473 103.7022 0.62864 0.1012 0.67899 0.5579 -0.28 -0.28 1 1 0 0 0 0 12832.1485 2199.921 42.8473 0 0 0 0 0 1 B_con 0 
5 143 74.7229 58.707 0.32485 0.46366 0.66926 0.68914 0.52 0.52 1 1 0.08 -0.152 0.2 0.4 530395.2659 530395.2659 74.7229 0.6 3.1422 0.032128 0.6 0.6 1 B_inc 0 
5 144 71.5018 68.9589 0.33634 0.35838 0.67197 0.6766 0.52 0.52 1 1 0 -0.228 0 0.6 123999.3547 -119615.7207 71.5018 0.6 5.0496 0.020201 0.4 5.5511e-17 1 B_inc 1 
