id LogIdx EVCs(:,1) EVCs(:,2) ERs(:,1) ERs(:,2) RTs(:,1) RTs(:,2) ExpectedStateParam ActualStateParam ControlParamType_1 ControlParamType_2 ControlParamVal_1 ControlParamVal_2 CtrlIntensities_1 CtrlIntensities_2 ACC_HypotheticalBOLD_1 ACC_HypotheticalBOLD_2 ACC_HypotheticalBOLD_3 ACC_HypotheticalBOLD_4 ACC_HypotheticalBOLD_5 ACC_HypotheticalBOLD_6 ACC_HypotheticalBOLD_7 ACC_HypotheticalBOLD_8 TrialType TrialDescr condition 
8 1 108.2005 55.4311 0.047537 0.5049 0.98861 1.506 0.695 0.695 1 1 0.076 -0.077 0.2 0.2 0 0 108.2005 0.4 1.6442 0.048577 0.6 -0.2 1 inc 1 
8 2 99.1458 105.9417 0.0965 0.037599 1.1425 0.94506 1.465 1.465 1 1 0.228 0 0.6 0 1966.0624 -1966.0351 99.1458 0.6 5.0496 0.048577 0.6 0.2 1 con -1 
8 3 103.6261 107.8808 0.074358 0.037481 1.0819 0.9445 1.465 1.465 1 1 0.152 0.077 0.4 0.2 1538.9645 1538.9176 103.6261 0.6 3.1422 0.030455 0.4 -5.5511e-17 1 con 0 
8 4 105.6916 61.1112 0.056719 0.4431 1.0238 1.5005 0.695 0.695 1 1 0.152 -0.077 0.4 0.2 303.0007 258.2953 105.6916 0.6 3.1422 0 0 0 1 inc 1 
8 5 96.779 72.7311 0.11717 0.3256 1.1904 1.4513 0.695 0.695 1 1 0.228 0 0.6 0 5248.8276 -5248.8276 96.779 0.6 5.0496 0.030455 0.4 5.5511e-17 1 inc 0 
8 6 89.3315 72.7615 0.18198 0.3256 1.3055 1.4513 0.695 0.695 1 1 0.228 0 0.6 0 43351.1427 -43324.5265 89.3315 0.6 5.0496 0 0 0 1 inc 0 
8 7 83.4782 105.9902 0.23271 0.037599 1.3705 0.94506 1.465 1.465 1 1 0.228 0 0.6 0 40636.7152 -40636.7152 83.4782 0.6 5.0496 0 0 0 1 con 1 
8 8 96.7294 105.9902 0.11786 0.037599 1.1919 0.94506 1.465 1.465 1 1 0.228 0 0.6 0 83757.2935 83757.2935 96.7294 0.6 5.0496 0 0 0 1 con 0 
8 9 102.2546 107.8808 0.086245 0.037481 1.1158 0.9445 1.465 1.465 1 1 0.152 0.077 0.4 0.2 4942.9812 4942.9812 102.2546 0.6 3.1422 0.030455 0.4 -5.5511e-17 1 con 1 
8 10 105.0682 107.9113 0.062123 0.037481 1.0428 0.9445 1.465 1.465 1 1 0.152 0.077 0.4 0.2 487.8459 444.4386 105.0682 0.6 3.1422 0 0 0 1 con 1 
8 11 106.3705 107.9113 0.050835 0.037481 1.0017 0.9445 1.465 1.465 1 1 0.152 0.077 0.4 0.2 127.5678 127.5678 106.3705 0.6 3.1422 0 0 0 1 con 1 
8 12 107.1377 108.2277 0.056984 0.047537 1.0248 0.98861 1.465 1.465 1 1 0.076 0.077 0.2 0.2 53.716 53.716 107.1377 0.4 1.6442 0.02144 0.2 -0.2 1 con 1 
8 13 107.6176 55.4797 0.05301 0.5049 1.0101 1.506 0.695 0.695 1 1 0.076 -0.077 0.2 0.2 98.6684 -53.4707 107.6176 0.4 1.6442 0 0 0 1 inc 0 
8 14 98.5552 72.7129 0.10162 0.3256 1.155 1.4513 0.695 0.695 1 1 0.228 0 0.6 0 2411.3244 -2411.3244 98.5552 0.6 5.0496 0.048577 0.6 0.2 1 inc 1 
8 15 90.929 72.7615 0.16814 0.3256 1.2844 1.4513 0.695 0.695 1 1 0.228 0 0.6 0 34783.407 -34684.2316 90.929 0.6 5.0496 0 0 0 1 inc 0 
8 16 84.6456 105.9902 0.2226 0.037599 1.3589 0.94506 1.465 1.465 1 1 0.228 0 0.6 0 44412.0533 -44412.0533 84.6456 0.6 5.0496 0 0 0 1 con 0 
8 17 97.1382 72.7615 0.11432 0.3256 1.1842 1.4513 0.695 0.695 1 1 0.228 0 0.6 0 76929.1331 76929.1331 97.1382 0.6 5.0496 0 0 0 1 inc 0 
8 18 89.6168 105.9902 0.17951 0.037599 1.3018 0.94506 1.465 1.465 1 1 0.228 0 0.6 0 41992.7056 -41992.7056 89.6168 0.6 5.0496 0 0 0 1 con 0 
8 19 98.91 72.7615 0.098965 0.3256 1.1486 1.4513 0.695 0.695 1 1 0.228 0 0.6 0 44537.3738 44537.3738 98.91 0.6 5.0496 0 0 0 1 inc 0 
8 20 91.2121 72.7615 0.16568 0.3256 1.2805 1.4513 0.695 0.695 1 1 0.228 0 0.6 0 33036.5825 -33036.5825 91.2121 0.6 5.0496 0 0 0 1 inc 0 
8 21 84.8564 105.9902 0.22077 0.037599 1.3567 0.94506 1.465 1.465 1 1 0.228 0 0.6 0 45015.6257 -45015.6257 84.8564 0.6 5.0496 0 0 0 1 con 0 
8 22 97.2122 105.9902 0.11368 0.037599 1.1828 0.94506 1.465 1.465 1 1 0.228 0 0.6 0 75660.0972 75660.0972 97.2122 0.6 5.0496 0 0 0 1 con 0 
8 23 102.519 61.0808 0.083953 0.4431 1.1095 1.5005 0.695 0.695 1 1 0.152 -0.077 0.4 0.2 3909.1927 3909.1927 102.519 0.6 3.1422 0.030455 0.4 -5.5511e-17 1 inc 0 
8 24 94.0544 72.7311 0.14079 0.3256 1.2376 1.4513 0.695 0.695 1 1 0.228 0 0.6 0 15712.9856 -15712.7134 94.0544 0.6 5.0496 0.030455 0.4 5.5511e-17 1 inc 0 
8 25 87.0721 105.9902 0.20157 0.037599 1.3327 0.94506 1.465 1.465 1 1 0.228 0 0.6 0 48587.8937 -48563.8536 87.0721 0.6 5.0496 0 0 0 1 con 1 
8 26 97.9955 105.9902 0.10689 0.037599 1.1674 0.94506 1.465 1.465 1 1 0.228 0 0.6 0 61703.8818 61703.8818 97.9955 0.6 5.0496 0 0 0 1 con 0 
8 27 102.9521 107.8808 0.0802 0.037481 1.099 0.9445 1.465 1.465 1 1 0.152 0.077 0.4 0.2 2655.8412 2655.8412 102.9521 0.6 3.1422 0.030455 0.4 -5.5511e-17 1 con 1 
8 28 105.3813 107.9113 0.059409 0.037481 1.0334 0.9445 1.465 1.465 1 1 0.152 0.077 0.4 0.2 383.7144 339.6568 105.3813 0.6 3.1422 0 0 0 1 con 1 
8 29 106.5273 107.9113 0.049476 0.037481 0.99639 0.9445 1.465 1.465 1 1 0.152 0.077 0.4 0.2 106.8766 106.8766 106.5273 0.6 3.1422 0 0 0 1 con 1 
8 30 107.243 55.4582 0.056071 0.5049 1.0214 1.506 0.695 0.695 1 1 0.076 -0.077 0.2 0.2 46.7788 46.7788 107.243 0.4 1.6442 0.02144 0.2 -0.2 1 inc 1 
8 31 98.2388 72.7129 0.10436 0.3256 1.1615 1.4513 0.695 0.695 1 1 0.228 0 0.6 0 2835.0624 -2835.0624 98.2388 0.6 5.0496 0.048577 0.6 0.2 1 inc 0 
8 32 90.6398 72.7615 0.17064 0.3256 1.2883 1.4513 0.695 0.695 1 1 0.228 0 0.6 0 36496.2138 -36398.9908 90.6398 0.6 5.0496 0 0 0 1 inc 1 
8 33 84.4316 72.7615 0.22445 0.3256 1.3611 1.4513 0.695 0.695 1 1 0.228 0 0.6 0 43770.4192 -43770.4192 84.4316 0.6 5.0496 0 0 0 1 inc 1 
8 34 80.2991 73.7635 0.21698 0.27362 1.3522 1.4114 0.695 0.695 1 1 0.304 0 0.8 0 27846.6754 -27846.6754 80.2991 0.8 10.0232 0.02144 0.2 0.2 1 inc 0 
8 35 77.8295 101.9419 0.23857 0.029581 1.3769 0.90409 1.465 1.465 1 1 0.304 0 0.8 0 16721.2174 -16695.799 77.8295 0.8 10.0232 0 0 0 1 con 0 
8 36 94.5544 72.7401 0.13653 0.3256 1.2296 1.4513 0.695 0.695 1 1 0.228 0 0.6 0 113940.03 113940.03 94.5544 0.6 5.0496 0.02144 0.2 -0.2 1 inc 1 
8 37 87.4665 72.7615 0.19815 0.3256 1.3281 1.4513 0.695 0.695 1 1 0.228 0 0.6 0 48459.9914 -48459.9914 87.4665 0.6 5.0496 0 0 0 1 inc 1 
8 38 82.1578 72.7615 0.24416 0.3256 1.3829 1.4513 0.695 0.695 1 1 0.228 0 0.6 0 35830.1329 -35830.1329 82.1578 0.6 5.0496 0 0 0 1 inc 0 
8 39 78.9825 101.9205 0.22839 0.029581 1.3656 0.90409 1.465 1.465 1 1 0.304 0 0.8 0 21973.6735 -21973.6735 78.9825 0.8 10.0232 0.02144 0.2 0.2 1 con 1 
8 40 95.0129 72.7401 0.13256 0.3256 1.2219 1.4513 0.695 0.695 1 1 0.228 0 0.6 0 108462.6898 108462.6898 95.0129 0.6 5.0496 0.02144 0.2 -0.2 1 inc 1 
8 41 87.8396 72.7615 0.19491 0.3256 1.3238 1.4513 0.695 0.695 1 1 0.228 0 0.6 0 48008.2008 -48008.2008 87.8396 0.6 5.0496 0 0 0 1 inc 0 
8 42 82.4186 105.9902 0.2419 0.037599 1.3805 0.94506 1.465 1.465 1 1 0.228 0 0.6 0 36807.3028 -36807.3028 82.4186 0.6 5.0496 0 0 0 1 con 1 
8 43 96.3598 105.9902 0.12107 0.037599 1.1987 0.94506 1.465 1.465 1 1 0.228 0 0.6 0 89652.0298 89652.0298 96.3598 0.6 5.0496 0 0 0 1 con 0 
8 44 102.0534 61.0808 0.087988 0.4431 1.1205 1.5005 0.695 0.695 1 1 0.152 -0.077 0.4 0.2 5894.5937 5894.5937 102.0534 0.6 3.1422 0.030455 0.4 -5.5511e-17 1 inc 0 
8 45 93.6927 105.9598 0.14392 0.037599 1.2433 0.94506 1.465 1.465 1 1 0.228 0 0.6 0 17694.3638 -17694.2237 93.6927 0.6 5.0496 0.030455 0.4 5.5511e-17 1 con 1 
8 46 100.657 68.933 0.10729 0.38225 1.1684 1.4816 0.695 0.695 1 1 0.152 0 0.4 0 17299.0752 17298.9351 100.657 0.4 2.3201 0.02144 0.2 -0.2 1 inc 0 
8 47 92.6557 72.7401 0.15299 0.3256 1.2594 1.4513 0.695 0.695 1 1 0.228 0 0.6 0 23984.5309 -23984.5309 92.6557 0.6 5.0496 0.02144 0.2 0.2 1 inc 1 
8 48 85.9678 72.7615 0.21114 0.3256 1.345 1.4513 0.695 0.695 1 1 0.228 0 0.6 0 47531.7054 -47496.4883 85.9678 0.6 5.0496 0 0 0 1 inc 1 
8 49 81.2064 101.9205 0.20911 0.029581 1.3424 0.90409 1.465 1.465 1 1 0.304 0 0.8 0 31881.4684 -31881.4684 81.2064 0.8 10.0232 0.02144 0.2 0.2 1 con 0 
8 50 95.889 105.9688 0.12496 0.037599 1.2067 0.94506 1.465 1.465 1 1 0.228 0 0.6 0 96513.1866 96513.1866 95.889 0.6 5.0496 0.02144 0.2 -0.2 1 con 1 
8 51 101.8101 61.0808 0.090097 0.4431 1.1261 1.5005 0.695 0.695 1 1 0.152 -0.077 0.4 0.2 7275.3062 7186.9245 101.8101 0.6 3.1422 0.030455 0.4 -5.5511e-17 1 inc 0 
8 52 93.507 105.9598 0.14553 0.037599 1.2462 0.94506 1.465 1.465 1 1 0.228 0 0.6 0 18750.3057 -18750.2198 93.507 0.6 5.0496 0.030455 0.4 5.5511e-17 1 con 0 
8 53 100.5706 107.5347 0.10804 0.047685 1.1701 0.98921 1.465 1.465 1 1 0.152 0 0.4 0 18378.8938 18378.8078 100.5706 0.4 2.3201 0.02144 0.2 -0.2 1 con 0 
8 54 104.3087 107.8898 0.068519 0.037481 1.0638 0.9445 1.465 1.465 1 1 0.152 0.077 0.4 0.2 864.9924 745.1304 104.3087 0.6 3.1422 0.02144 0.2 0.2 1 con 0 
8 55 106.0102 61.1112 0.053958 0.4431 1.0136 1.5005 0.695 0.695 1 1 0.152 -0.077 0.4 0.2 268.9371 268.9187 106.0102 0.6 3.1422 0 0 0 1 inc 0 
8 56 97.0911 105.9598 0.11447 0.037599 1.1845 0.94506 1.465 1.465 1 1 0.228 0 0.6 0 4573.8703 -4573.8703 97.0911 0.6 5.0496 0.030455 0.4 5.5511e-17 1 con 0 
8 57 102.4692 107.8808 0.084385 0.037481 1.1107 0.9445 1.465 1.465 1 1 0.152 0.077 0.4 0.2 4082.9714 4079.1722 102.4692 0.6 3.1422 0.030455 0.4 -5.5511e-17 1 con 0 
8 58 105.1637 61.1112 0.061294 0.4431 1.0399 1.5005 0.695 0.695 1 1 0.152 -0.077 0.4 0.2 453.2694 409.6637 105.1637 0.6 3.1422 0 0 0 1 inc 0 
8 59 96.2793 105.9598 0.1215 0.037599 1.1996 0.94506 1.465 1.465 1 1 0.228 0 0.6 0 6534.1639 -6534.1639 96.2793 0.6 5.0496 0.030455 0.4 5.5511e-17 1 con 1 
8 60 102.0262 61.0808 0.088224 0.4431 1.1211 1.5005 0.695 0.695 1 1 0.152 -0.077 0.4 0.2 6030.2742 6027.966 102.0262 0.6 3.1422 0.030455 0.4 -5.5511e-17 1 inc 0 
8 61 93.6718 72.7311 0.1441 0.3256 1.2436 1.4513 0.695 0.695 1 1 0.228 0 0.6 0 17811.8223 -17811.69 93.6718 0.6 5.0496 0.030455 0.4 5.5511e-17 1 inc 1 
8 62 86.7681 72.7615 0.2042 0.3256 1.3361 1.4513 0.695 0.695 1 1 0.228 0 0.6 0 48516.1807 -48492.4372 86.7681 0.6 5.0496 0 0 0 1 inc 1 
8 63 81.6855 73.7635 0.20496 0.27362 1.3371 1.4114 0.695 0.695 1 1 0.304 0 0.8 0 33992.1885 -33992.1885 81.6855 0.8 10.0232 0.02144 0.2 0.2 1 inc 1 
8 64 78.7272 101.9419 0.23079 0.029581 1.3683 0.90409 1.465 1.465 1 1 0.304 0 0.8 0 20695.1131 -20669.8138 78.7272 0.8 10.0232 0 0 0 1 con 1 
8 65 94.9046 105.9688 0.13349 0.037599 1.2237 0.94506 1.465 1.465 1 1 0.228 0 0.6 0 109744.5444 109744.5444 94.9046 0.6 5.0496 0.02144 0.2 -0.2 1 con 1 
8 66 101.2819 61.0808 0.094675 0.4431 1.1379 1.5005 0.695 0.695 1 1 0.152 -0.077 0.4 0.2 11112.9305 11030.9318 101.2819 0.6 3.1422 0.030455 0.4 -5.5511e-17 1 inc 1 
8 67 93.1115 105.9598 0.14896 0.037599 1.2523 0.94506 1.465 1.465 1 1 0.228 0 0.6 0 21073.3443 -21073.3228 93.1115 0.6 5.0496 0.030455 0.4 5.5511e-17 1 con 1 
8 68 100.3872 107.5347 0.10963 0.047685 1.1737 0.98921 1.465 1.465 1 1 0.152 0 0.4 0 20766.0561 20766.0346 100.3872 0.4 2.3201 0.02144 0.2 -0.2 1 con 1 
8 69 104.2214 61.0898 0.069276 0.4431 1.0662 1.5005 0.695 0.695 1 1 0.152 -0.077 0.4 0.2 927.5841 808.6366 104.2214 0.6 3.1422 0.02144 0.2 0.2 1 inc 0 
8 70 95.4527 105.9598 0.12867 0.037599 1.2142 0.94506 1.465 1.465 1 1 0.228 0 0.6 0 9248.0055 -9195.4568 95.4527 0.6 5.0496 0.030455 0.4 5.5511e-17 1 con 1 
8 71 101.5801 61.0808 0.09209 0.4431 1.1313 1.5005 0.695 0.695 1 1 0.152 -0.077 0.4 0.2 8776.4626 8775.2218 101.5801 0.6 3.1422 0.030455 0.4 -5.5511e-17 1 inc 1 
8 72 93.3336 105.9598 0.14703 0.037599 1.2489 0.94506 1.465 1.465 1 1 0.228 0 0.6 0 19757.7274 -19757.6717 93.3336 0.6 5.0496 0.030455 0.4 5.5511e-17 1 con 0 
8 73 100.49 107.5347 0.10874 0.047685 1.1717 0.98921 1.465 1.465 1 1 0.152 0 0.4 0 19412.0425 19411.9868 100.49 0.4 2.3201 0.02144 0.2 -0.2 1 con 1 
8 74 104.2703 107.8898 0.068852 0.037481 1.0649 0.9445 1.465 1.465 1 1 0.152 0.077 0.4 0.2 891.9178 772.4594 104.2703 0.6 3.1422 0.02144 0.2 0.2 1 con 1 
8 75 105.9918 61.1112 0.054117 0.4431 1.0142 1.5005 0.695 0.695 1 1 0.152 -0.077 0.4 0.2 272.3207 272.3024 105.9918 0.6 3.1422 0 0 0 1 inc 1 
8 76 97.0729 105.9598 0.11462 0.037599 1.1849 0.94506 1.465 1.465 1 1 0.228 0 0.6 0 4610.8382 -4610.8382 97.0729 0.6 5.0496 0.030455 0.4 5.5511e-17 1 con 1 
8 77 102.4592 107.8808 0.084471 0.037481 1.111 0.9445 1.465 1.465 1 1 0.152 0.077 0.4 0.2 4119.5389 4115.7784 102.4592 0.6 3.1422 0.030455 0.4 -5.5511e-17 1 con 0 
8 78 105.1593 61.1112 0.061333 0.4431 1.0401 1.5005 0.695 0.695 1 1 0.152 -0.077 0.4 0.2 454.8263 411.2298 105.1593 0.6 3.1422 0 0 0 1 inc 1 
8 79 96.2751 105.9598 0.12154 0.037599 1.1997 0.94506 1.465 1.465 1 1 0.228 0 0.6 0 6545.9673 -6545.9673 96.2751 0.6 5.0496 0.030455 0.4 5.5511e-17 1 con 1 
8 80 102.024 107.8808 0.088243 0.037481 1.1212 0.9445 1.465 1.465 1 1 0.152 0.077 0.4 0.2 6042.0422 6039.7414 102.024 0.6 3.1422 0.030455 0.4 -5.5511e-17 1 con 0 
8 81 104.9663 107.9113 0.063006 0.037481 1.0458 0.9445 1.465 1.465 1 1 0.152 0.077 0.4 0.2 527.7915 484.5957 104.9663 0.6 3.1422 0 0 0 1 con 1 
8 82 106.32 61.1112 0.051273 0.4431 1.0034 1.5005 0.695 0.695 1 1 0.152 -0.077 0.4 0.2 134.7612 134.7612 106.32 0.6 3.1422 0 0 0 1 inc 1 
8 83 97.4029 105.9598 0.11176 0.037599 1.1785 0.94506 1.465 1.465 1 1 0.228 0 0.6 0 3987.3455 -3987.3455 97.4029 0.6 5.0496 0.030455 0.4 5.5511e-17 1 con 0 
8 84 102.6407 61.0808 0.082898 0.4431 1.1066 1.5005 0.695 0.695 1 1 0.152 -0.077 0.4 0.2 3504.0289 3499.5135 102.6407 0.6 3.1422 0.030455 0.4 -5.5511e-17 1 inc 1 
8 85 94.1504 72.7311 0.13995 0.3256 1.236 1.4513 0.695 0.695 1 1 0.228 0 0.6 0 15205.5672 -15205.2544 94.1504 0.6 5.0496 0.030455 0.4 5.5511e-17 1 inc 0 
8 86 87.1488 105.9902 0.2009 0.037599 1.3318 0.94506 1.465 1.465 1 1 0.228 0 0.6 0 48578.8965 -48554.7781 87.1488 0.6 5.0496 0 0 0 1 con 0 
8 87 98.0228 72.7615 0.10665 0.3256 1.1669 1.4513 0.695 0.695 1 1 0.228 0 0.6 0 61201.5304 61201.5304 98.0228 0.6 5.0496 0 0 0 1 inc 1 
8 88 90.4007 72.7615 0.17272 0.3256 1.2915 1.4513 0.695 0.695 1 1 0.228 0 0.6 0 37848.725 -37848.725 90.4007 0.6 5.0496 0 0 0 1 inc 0 
8 89 84.2555 72.7615 0.22598 0.3256 1.3628 1.4513 0.695 0.695 1 1 0.228 0 0.6 0 43222.9222 -43222.9222 84.2555 0.6 5.0496 0 0 0 1 inc 0 
8 90 80.1961 101.9205 0.21787 0.029581 1.3532 0.90409 1.465 1.465 1 1 0.304 0 0.8 0 27387.0221 -27387.0221 80.1961 0.8 10.0232 0.02144 0.2 0.2 1 con 1 
8 91 95.4895 105.9688 0.12842 0.037599 1.2138 0.94506 1.465 1.465 1 1 0.228 0 0.6 0 102176.7078 102176.7078 95.4895 0.6 5.0496 0.02144 0.2 -0.2 1 con 1 
8 92 101.595 61.0808 0.091961 0.4431 1.1309 1.5005 0.695 0.695 1 1 0.152 -0.077 0.4 0.2 8689.5926 8603.8042 101.595 0.6 3.1422 0.030455 0.4 -5.5511e-17 1 inc 0 
8 93 93.3447 105.9598 0.14694 0.037599 1.2487 0.94506 1.465 1.465 1 1 0.228 0 0.6 0 19692.2353 -19692.1757 93.3447 0.6 5.0496 0.030455 0.4 5.5511e-17 1 con 1 
8 94 100.4952 68.933 0.1087 0.38225 1.1716 1.4816 0.695 0.695 1 1 0.152 0 0.4 0 19344.7813 19344.7217 100.4952 0.4 2.3201 0.02144 0.2 -0.2 1 inc 1 
8 95 92.5247 72.7401 0.15412 0.3256 1.2613 1.4513 0.695 0.695 1 1 0.228 0 0.6 0 24794.9676 -24794.9676 92.5247 0.6 5.0496 0.02144 0.2 0.2 1 inc 1 
8 96 85.867 72.7615 0.21201 0.3256 1.3461 1.4513 0.695 0.695 1 1 0.228 0 0.6 0 47352.6738 -47317.7258 85.867 0.6 5.0496 0 0 0 1 inc 1 
8 97 81.1463 101.9205 0.20963 0.029581 1.3431 0.90409 1.465 1.465 1 1 0.304 0 0.8 0 31615.5783 -31615.5783 81.1463 0.8 10.0232 0.02144 0.2 0.2 1 con 0 
8 98 95.8651 105.9688 0.12517 0.037599 1.2072 0.94506 1.465 1.465 1 1 0.228 0 0.6 0 96860.8485 96860.8485 95.8651 0.6 5.0496 0.02144 0.2 -0.2 1 con 1 
8 99 101.7973 61.0808 0.090208 0.4431 1.1264 1.5005 0.695 0.695 1 1 0.152 -0.077 0.4 0.2 7354.1942 7265.9696 101.7973 0.6 3.1422 0.030455 0.4 -5.5511e-17 1 inc 0 
8 100 93.4973 72.7311 0.14561 0.3256 1.2464 1.4513 0.695 0.695 1 1 0.228 0 0.6 0 18806.4014 -18806.3159 93.4973 0.6 5.0496 0.030455 0.4 5.5511e-17 1 inc 0 
8 101 86.6305 72.7615 0.20539 0.3256 1.3377 1.4513 0.695 0.695 1 1 0.228 0 0.6 0 48430.0204 -48406.4019 86.6305 0.6 5.0496 0 0 0 1 inc 1 
