id LogIdx EVCs(:,1) EVCs(:,2) ERs(:,1) ERs(:,2) RTs(:,1) RTs(:,2) ExpectedStateParam ActualStateParam ControlParamType_1 ControlParamType_2 ControlParamVal_1 ControlParamVal_2 CtrlIntensities_1 CtrlIntensities_2 ACC_HypotheticalBOLD_1 ACC_HypotheticalBOLD_2 ACC_HypotheticalBOLD_3 ACC_HypotheticalBOLD_4 ACC_HypotheticalBOLD_5 ACC_HypotheticalBOLD_6 ACC_HypotheticalBOLD_7 ACC_HypotheticalBOLD_8 TrialType TrialDescr condition 
15 1 105.8777 105.8777 0.067812 0.067812 0.52322 0.52322 -0.28 -0.28 1 1 -0.08 -0.076 0.2 0.2 0 0 105.8777 0.4 1.6442 0.032128 0.6 -0.2 1 B_con 1 
15 2 11.6557 103.682 0.8988 0.1012 0.5579 0.5579 1.28 1.28 1 1 0 0 0 0 570285.1363 -570285.1363 11.6557 0 0 0.020201 0.4 -0.4 1 A_con 0 
15 3 70.8068 105.8896 0.37188 0.067812 0.67908 0.52322 -0.28 -0.28 1 1 -0.08 -0.076 0.2 0.2 538666.2579 538666.2579 70.8068 0.4 1.6442 0.020201 0.4 0.4 1 B_con -1 
15 4 91.1736 50.7683 0.16939 0.51959 0.60756 0.68975 0.52 0.52 1 1 0.16 -0.152 0.4 0.4 28890.7495 28890.7495 91.1736 0.8 4.6402 0.020201 0.4 0.4 1 B_inc 0 
15 5 81.6696 103.8206 0.24811 0.056126 0.64529 0.50825 -0.28 -0.28 1 1 0 -0.228 0 0.6 37235.496 -36992.9372 81.6696 0.6 5.0496 0.032128 0.6 -0.2 1 B_con 0 
15 6 25.2738 56.0308 0.78057 0.514 0.63335 0.68987 0.48 0.48 1 1 0 0 0 0 528354.4187 -528354.4187 25.2738 0 0 0.043339 0.6 -0.6 1 A_inc 1 
15 7 86.8645 103.8094 0.20299 0.056126 0.62563 0.50825 -0.28 -0.28 1 1 0 -0.228 0 0.6 520868.028 520868.028 86.8645 0.6 5.0496 0.043339 0.6 0.6 1 B_con 1 
15 8 23.8252 56.0308 0.79313 0.514 0.62752 0.68987 0.48 0.48 1 1 0 0 0 0 520990.9234 -520990.9234 23.8252 0 0 0.043339 0.6 -0.6 1 A_inc 0 
15 9 88.5568 68.9358 0.18832 0.35838 0.61814 0.6766 0.52 0.52 1 1 0 -0.228 0 0.6 518295.9843 518295.9843 88.5568 0.6 5.0496 0.043339 0.6 0.6 1 B_inc 1 
15 10 81.7194 68.9791 0.24796 0.35838 0.64523 0.6766 0.52 0.52 1 1 0 -0.228 0 0.6 97288.6772 -97133.5292 81.7194 0.6 5.0496 0 0 0 1 B_inc 1 
15 11 58.7887 103.7909 0.44617 0.056126 0.6881 0.50825 1.28 1.28 1 1 0.228 0 0.6 0 458699.3497 -215142.4522 58.7887 0.6 5.0496 0.061837 1.2 0 1 A_con 1 
15 12 37.9689 61.3347 0.6634 0.46088 0.67203 0.689 0.52 0.52 1 1 0 -0.076 0 0.2 247395.4148 -157525.6575 37.9689 0.2 0.82212 0.045736 0.8 -0.4 1 B_inc 0 
15 13 80.2939 68.9334 0.25992 0.35838 0.6497 0.6766 0.48 0.48 1 1 0.228 0 0.6 0 440174.0227 374133.3505 80.2939 0.6 5.0496 0.045736 0.8 0.4 1 A_inc 1 
15 14 58.7219 68.9173 0.44675 0.35838 0.68814 0.6766 0.52 0.52 1 1 0 -0.228 0 0.6 453066.1363 -215342.0483 58.7219 0.6 5.0496 0.061837 1.2 0 1 B_inc 0 
15 15 62.9477 68.9791 0.41066 0.35838 0.68474 0.6766 0.52 0.52 1 1 0 -0.228 0 0.6 25554.615 25426.6684 62.9477 0.6 5.0496 0 0 0 1 B_inc 0 
15 16 65.5439 69.4519 0.34492 0.31105 0.67386 0.66571 0.52 0.52 1 1 0 -0.304 0 0.8 14564.0478 14557.0046 65.5439 0.8 10.0232 0.014243 0.2 0.2 1 B_inc 0 
15 17 73.7025 99.9802 0.27361 0.045861 0.65446 0.49326 1.28 1.28 1 1 0.304 0 0.8 0 474652.3439 62035.7425 73.7025 0.8 10.0232 0.083287 1.6 0 1 A_con 1 
15 18 90.6566 103.8385 0.17038 0.056126 0.60813 0.50825 1.28 1.28 1 1 0.228 0 0.6 0 226591.5646 226591.5646 90.6566 0.6 5.0496 0.014243 0.2 -0.2 1 A_con 1 
15 19 97.6522 58.7189 0.12622 0.46366 0.57865 0.68914 0.48 0.48 1 1 0.152 -0.08 0.4 0.2 30792.2459 30710.4961 97.6522 0.6 3.1422 0.020201 0.4 -5.5511e-17 1 A_inc 1 
15 20 35.1534 104.9027 0.68795 0.083417 0.66598 0.54066 -0.28 -0.28 1 1 0 -0.076 0 0.2 519445.7045 -519445.7045 35.1534 0.2 0.82212 0.028688 0.4 -0.4 1 B_con 0 
15 21 47.3512 104.9112 0.5823 0.083417 0.68554 0.54066 1.28 1.28 1 1 0.076 0 0.2 0 134426.3137 48986.0316 47.3512 0.2 0.82212 0.020201 0.4 0 1 A_con 1 
15 22 78.9271 105.1376 0.29569 0.068523 0.6614 0.52407 1.28 1.28 1 1 0.152 0 0.4 0 453636.5755 453636.5755 78.9271 0.4 2.3201 0.014243 0.2 0.2 1 A_con 0 
15 23 93.9136 105.5297 0.14557 0.04489 0.59252 0.49174 1.28 1.28 1 1 0.152 0.16 0.4 0.4 16437.8745 16437.8745 93.9136 0.8 4.6402 0.028688 0.4 0.4 1 A_con 1 
15 24 100.0791 105.5584 0.09238 0.04489 0.54966 0.49174 1.28 1.28 1 1 0.152 0.16 0.4 0.4 1436.2089 1436.2089 100.0791 0.8 4.6402 0 0 0 1 A_con 1 
15 25 15.5974 103.6613 0.86446 0.1012 0.58554 0.5579 -0.28 -0.28 1 1 0 0 0 0 569303.993 -569303.993 15.5974 0 0 0.040811 0.8 -0.8 1 B_con 1 
15 26 64.5249 56.0741 0.44075 0.514 0.6877 0.68987 0.48 0.48 1 1 0 0 0 0 482064.2832 482064.2832 64.5249 0 0 0 0 0 1 A_inc 1 
15 27 64.5368 103.8094 0.39651 0.056126 0.68292 0.50825 1.28 1.28 1 1 0.228 0 0.6 0 176387.4575 -133022.011 64.5368 0.6 5.0496 0.043339 0.6 0.6 1 A_con 1 
15 28 32.2295 56.0308 0.72029 0.514 0.65646 0.68987 0.52 0.52 1 1 0 0 0 0 343364.2938 -343210.9694 32.2295 0 0 0.043339 0.6 -0.6 1 B_inc 1 
15 29 41.9549 65.8814 0.61601 0.40864 0.68108 0.6845 0.52 0.52 1 1 0 -0.152 0 0.4 76585.4519 76324.0911 41.9549 0.4 2.3201 0.028688 0.4 0.4 1 B_inc 1 
15 30 52.1794 103.8385 0.50386 0.056126 0.68997 0.50825 -0.28 -0.28 1 1 0 -0.228 0 0.6 83138.0634 83116.4479 52.1794 0.6 5.0496 0.014243 0.2 0.2 1 B_con 0 
15 31 81.9374 103.8527 0.24607 0.056126 0.6445 0.50825 -0.28 -0.28 1 1 0 -0.228 0 0.6 355487.6027 355487.6027 81.9374 0.6 5.0496 0 0 0 1 B_con 0 
15 32 94.3065 105.808 0.15522 0.055535 0.59886 0.50744 -0.28 -0.28 1 1 -0.08 -0.152 0.2 0.4 46812.2826 46812.2826 94.3065 0.6 3.1422 0.020201 0.4 -5.5511e-17 1 B_con 0 
15 33 18.8551 56.042 0.8363 0.514 0.60415 0.68987 0.48 0.48 1 1 0 0 0 0 567282.2191 -567282.2191 18.8551 0 0 0.032128 0.6 -0.6 1 A_inc 1 
15 34 91.1739 103.8094 0.16564 0.056126 0.60532 0.50825 -0.28 -0.28 1 1 0 -0.228 0 0.6 553911.4925 553911.4925 91.1739 0.6 5.0496 0.043339 0.6 0.6 1 B_con 1 
15 35 21.4524 56.0308 0.81369 0.514 0.61707 0.68987 0.48 0.48 1 1 0 0 0 0 553304.2169 -553304.2169 21.4524 0 0 0.043339 0.6 -0.6 1 A_inc 1 
15 36 90.0946 103.8094 0.17499 0.056126 0.61081 0.50825 -0.28 -0.28 1 1 0 -0.228 0 0.6 533145.0485 533145.0485 90.0946 0.6 5.0496 0.043339 0.6 0.6 1 B_con 1 
15 37 22.4571 103.6588 0.80499 0.1012 0.62163 0.5579 1.28 1.28 1 1 0 0 0 0 532738.5073 -532738.5073 22.4571 0 0 0.043339 0.6 -0.6 1 A_con 0 
15 38 58.7632 104.9172 0.48344 0.083417 0.68982 0.54066 1.28 1.28 1 1 0.076 0 0.2 0 299921.01 299921.01 58.7632 0.2 0.82212 0.014243 0.2 0.2 1 A_con 1 
15 39 33.6361 103.6879 0.70835 0.1012 0.66019 0.5579 -0.28 -0.28 1 1 0 0 0 0 295828.5363 -295828.5363 33.6361 0 0 0.014243 0.2 -0.2 1 B_con 1 
15 40 47.9423 103.7022 0.58448 0.1012 0.6853 0.5579 1.28 1.28 1 1 0 0 0 0 43005.0363 42997.0363 47.9423 0 0 0 0 0 1 A_con 1 
15 41 78.2345 58.707 0.29442 0.46366 0.66102 0.68914 0.48 0.48 1 1 0.152 -0.08 0.4 0.2 509339.148 509339.148 78.2345 0.6 3.1422 0.032128 0.6 0.6 1 A_inc 1 
15 42 73.612 68.9589 0.31805 0.35838 0.66755 0.6766 0.48 0.48 1 1 0.228 0 0.6 0 104165.1808 -101754.213 73.612 0.6 5.0496 0.020201 0.4 5.5511e-17 1 A_inc 1 
15 43 71.8038 68.9791 0.3339 0.35838 0.67141 0.6766 0.48 0.48 1 1 0.228 0 0.6 0 96717.7688 -96039.6421 71.8038 0.6 5.0496 0 0 0 1 A_inc 1 
15 44 63.5704 68.9173 0.40472 0.35838 0.68401 0.6766 0.52 0.52 1 1 0 -0.228 0 0.6 445193.992 -109057.2591 63.5704 0.6 5.0496 0.061837 1.2 0 1 B_inc 1 
15 45 71.4589 68.9173 0.33635 0.35838 0.67197 0.6766 0.48 0.48 1 1 0.228 0 0.6 0 461698.0989 57988.0534 71.4589 0.6 5.0496 0.061837 1.2 0 1 A_inc 0 
15 46 68.7397 69.3929 0.31671 0.31105 0.66721 0.66571 0.52 0.52 1 1 0 -0.304 0 0.8 467649.0758 -33237.8982 68.7397 0.8 10.0232 0.073271 1.4 0.2 1 B_inc 1 
15 47 69.075 100.0635 0.31444 0.045861 0.66661 0.49326 -0.28 -0.28 1 1 0 -0.304 0 0.8 3205.8657 -2750.1884 69.075 0.8 10.0232 0 0 0 1 B_con 1 
15 48 34.5784 104.8714 0.69266 0.083417 0.66471 0.54066 1.28 1.28 1 1 0.076 0 0.2 0 304304.5026 -232171.586 34.5784 0.2 0.82212 0.060043 1 -0.6 1 A_con 0 
15 49 71.6761 103.824 0.33476 0.056126 0.67161 0.50825 1.28 1.28 1 1 0.228 0 0.6 0 430583.9222 430583.9222 71.6761 0.6 5.0496 0.028688 0.4 0.4 1 A_con 0 
15 50 90.4662 58.7189 0.18851 0.46366 0.61824 0.68914 0.48 0.48 1 1 0.152 -0.08 0.4 0.2 95060.8562 95060.8562 90.4662 0.6 3.1422 0.020201 0.4 -5.5511e-17 1 A_inc 0 
15 51 40.4533 104.9027 0.64201 0.083417 0.67653 0.54066 -0.28 -0.28 1 1 0 -0.076 0 0.2 498300.2812 -498300.2812 40.4533 0.2 0.82212 0.028688 0.4 -0.4 1 B_con 1 
15 52 75.4283 68.9504 0.30224 0.35838 0.66328 0.6766 0.52 0.52 1 1 0 -0.228 0 0.6 447920.1422 447920.1422 75.4283 0.6 5.0496 0.028688 0.4 0.4 1 B_inc 0 
15 53 53.226 103.7909 0.49438 0.056126 0.68997 0.50825 1.28 1.28 1 1 0.228 0 0.6 0 394551.2677 -339626.1774 53.226 0.6 5.0496 0.061837 1.2 0 1 A_con 0 
15 54 82.4218 68.9791 0.24187 0.35838 0.64285 0.6766 0.48 0.48 1 1 0.228 0 0.6 0 368044.9142 368044.9142 82.4218 0.6 5.0496 0 0 0 1 A_inc 0 
15 55 77.4136 103.8527 0.28528 0.056126 0.65823 0.50825 1.28 1.28 1 1 0.228 0 0.6 0 118044.4637 -117981.0361 77.4136 0.6 5.0496 0 0 0 1 A_con 0 
15 56 28.4381 56.0308 0.75315 0.514 0.64481 0.68987 0.52 0.52 1 1 0 0 0 0 422435.5743 -421879.5766 28.4381 0 0 0.043339 0.6 -0.6 1 B_inc 1 
15 57 39.5077 105.1231 0.63722 0.068523 0.67744 0.52407 -0.28 -0.28 1 1 0 -0.152 0 0.4 71262.7807 71031.7365 39.5077 0.4 2.3201 0.028688 0.4 0.4 1 B_con 0 
15 58 75.2672 68.9649 0.30376 0.35838 0.66371 0.6766 0.52 0.52 1 1 0 -0.228 0 0.6 417930.371 417930.371 75.2672 0.6 5.0496 0.014243 0.2 0.2 1 B_inc 1 
15 59 54.6959 68.9173 0.48164 0.35838 0.68978 0.6766 0.48 0.48 1 1 0.228 0 0.6 0 401099.3593 -305505.8294 54.6959 0.6 5.0496 0.061837 1.2 0 1 A_inc 0 
15 60 72.7357 68.9173 0.32529 0.35838 0.66936 0.6766 0.52 0.52 1 1 0 -0.228 0 0.6 445497.1809 152631.104 72.7357 0.6 5.0496 0.061837 1.2 0 1 B_inc 1 
15 61 71.2916 68.9791 0.33834 0.35838 0.67242 0.6766 0.52 0.52 1 1 0 -0.228 0 0.6 31799.179 -31653.9208 71.2916 0.6 5.0496 0 0 0 1 B_inc 0 
15 62 68.5956 69.3929 0.31796 0.31105 0.66753 0.66571 0.48 0.48 1 1 0.304 0 0.8 0 466817.9925 -33263.1131 68.5956 0.8 10.0232 0.073271 1.4 0.2 1 A_inc 0 
15 63 71.5348 69.3828 0.2924 0.31105 0.66042 0.66571 0.52 0.52 1 1 0 -0.304 0 0.8 471379.7516 18999.3562 71.5348 0.8 10.0232 0.083287 1.6 0 1 B_inc 1 
15 64 70.7664 69.4661 0.29978 0.31105 0.66259 0.66571 0.52 0.52 1 1 0 -0.304 0 0.8 10760.7517 -10637.9934 70.7664 0.8 10.0232 0 0 0 1 B_inc 0 
15 65 71.6512 99.9802 0.29139 0.045861 0.66011 0.49326 1.28 1.28 1 1 0.304 0 0.8 0 475833.4987 5695.8952 71.6512 0.8 10.0232 0.083287 1.6 0 1 A_con 0 
15 66 89.8137 68.9649 0.17768 0.35838 0.61233 0.6766 0.48 0.48 1 1 0.228 0 0.6 0 239934.4032 239934.4032 89.8137 0.6 5.0496 0.014243 0.2 -0.2 1 A_inc 0 
15 67 82.6285 103.8527 0.24008 0.056126 0.64213 0.50825 1.28 1.28 1 1 0.228 0 0.6 0 98468.3542 -98468.3542 82.6285 0.6 5.0496 0 0 0 1 A_con 0 
15 68 94.245 68.9791 0.1394 0.35838 0.58828 0.6766 0.48 0.48 1 1 0.228 0 0.6 0 132888.1706 132888.1706 94.245 0.6 5.0496 0 0 0 1 A_inc 0 
15 69 86.1032 103.8527 0.20996 0.056126 0.62899 0.50825 1.28 1.28 1 1 0.228 0 0.6 0 83012.6584 -83012.6584 86.1032 0.6 5.0496 0 0 0 1 A_con 0 
15 70 95.6279 68.9791 0.12741 0.35838 0.57955 0.6766 0.48 0.48 1 1 0.228 0 0.6 0 85685.0954 85685.0954 95.6279 0.6 5.0496 0 0 0 1 A_inc 0 
15 71 87.2729 68.9791 0.19983 0.35838 0.62407 0.6766 0.48 0.48 1 1 0.228 0 0.6 0 68619.148 -68619.148 87.2729 0.6 5.0496 0 0 0 1 A_inc 0 
15 72 80.7593 68.9791 0.25628 0.35838 0.64837 0.6766 0.48 0.48 1 1 0.228 0 0.6 0 90207.1222 -90207.1222 80.7593 0.6 5.0496 0 0 0 1 A_inc 0 
15 73 60.1722 68.9173 0.43418 0.35838 0.68716 0.6766 0.52 0.52 1 1 0 -0.228 0 0.6 461321.2926 -191612.4643 60.1722 0.6 5.0496 0.061837 1.2 0 1 B_inc 1 
15 74 63.8391 69.4519 0.3597 0.31105 0.67686 0.66571 0.52 0.52 1 1 0 -0.304 0 0.8 21972.9841 21863.5513 63.8391 0.8 10.0232 0.014243 0.2 0.2 1 B_inc 0 
15 75 66.1467 69.4661 0.33982 0.31105 0.67275 0.66571 0.52 0.52 1 1 0 -0.304 0 0.8 12727.1009 12726.0765 66.1467 0.8 10.0232 0 0 0 1 B_inc 1 
15 76 73.8028 99.9802 0.27274 0.045861 0.65417 0.49326 1.28 1.28 1 1 0.304 0 0.8 0 475753.2529 58938.8243 73.8028 0.8 10.0232 0.083287 1.6 0 1 A_con 0 
15 77 90.6807 68.9649 0.17017 0.35838 0.60801 0.6766 0.48 0.48 1 1 0.228 0 0.6 0 226462.0062 226462.0062 90.6807 0.6 5.0496 0.014243 0.2 -0.2 1 A_inc 1 
15 78 83.2837 103.8527 0.2344 0.056126 0.63981 0.50825 1.28 1.28 1 1 0.228 0 0.6 0 98938.8907 -98938.8907 83.2837 0.6 5.0496 0 0 0 1 A_con 1 
15 79 94.5039 103.8527 0.13715 0.056126 0.58669 0.50825 1.28 1.28 1 1 0.228 0 0.6 0 127088.7552 127088.7552 94.5039 0.6 5.0496 0 0 0 1 A_con 0 
15 80 19.4897 103.6588 0.8307 0.1012 0.6075 0.5579 -0.28 -0.28 1 1 0 0 0 0 564010.3317 -564010.3317 19.4897 0 0 0.043339 0.6 -0.6 1 B_con 0 
15 81 60.2965 104.9172 0.47015 0.083417 0.68942 0.54066 1.28 1.28 1 1 0.076 0 0.2 0 356474.9574 356474.9574 60.2965 0.2 0.82212 0.014243 0.2 0.2 1 A_con 0 
15 82 85.8184 105.5263 0.2157 0.04489 0.63166 0.49174 1.28 1.28 1 1 0.152 0.16 0.4 0.4 207569.453 207569.453 85.8184 0.8 4.6402 0.032128 0.6 0.6 1 A_con 1 
15 83 22.2954 56.0333 0.80641 0.514 0.6209 0.68987 0.52 0.52 1 1 0 0 0 0 563654.7066 -563654.7066 22.2954 0 0 0.040811 0.8 -0.8 1 B_inc 1 
15 84 87.7813 68.9358 0.19504 0.35838 0.62165 0.6766 0.48 0.48 1 1 0.228 0 0.6 0 549914.692 549914.692 87.7813 0.6 5.0496 0.043339 0.6 0.6 1 A_inc 1 
15 85 81.1557 103.8527 0.25284 0.056126 0.64709 0.50825 1.28 1.28 1 1 0.228 0 0.6 0 106631.3986 -106479.1357 81.1557 0.6 5.0496 0 0 0 1 A_con 1 
15 86 93.6656 103.8527 0.14442 0.056126 0.59175 0.50825 1.28 1.28 1 1 0.228 0 0.6 0 121081.006 121081.006 93.6656 0.6 5.0496 0 0 0 1 A_con 1 
15 87 19.6716 56.0308 0.82913 0.514 0.60843 0.68987 0.52 0.52 1 1 0 0 0 0 564913.8665 -564913.8665 19.6716 0 0 0.043339 0.6 -0.6 1 B_inc 0 
15 88 31.7135 103.7022 0.72513 0.1012 0.65488 0.5579 -0.28 -0.28 1 1 0 0 0 0 21436.7298 21135.3213 31.7135 0 0 0 0 0 1 B_con 1 
15 89 69.0501 105.1231 0.38117 0.068523 0.68063 0.52407 -0.28 -0.28 1 1 0 -0.152 0 0.4 427288.6184 427288.6184 69.0501 0.4 2.3201 0.028688 0.4 0.4 1 B_con 0 
15 90 29.9127 56.0454 0.74049 0.514 0.64955 0.68987 0.48 0.48 1 1 0 0 0 0 445427.0735 -445427.0735 29.9127 0 0 0.028688 0.4 -0.4 1 A_inc 0 
15 91 39.878 61.3662 0.64712 0.46088 0.67552 0.689 0.48 0.48 1 1 0.076 0 0.2 0 59278.1888 59100.0488 39.878 0.2 0.82212 0.014243 0.2 0.2 1 A_inc 1 
15 92 50.3978 68.9504 0.51918 0.35838 0.68976 0.6766 0.48 0.48 1 1 0.228 0 0.6 0 90423.4914 90406.3313 50.3978 0.6 5.0496 0.028688 0.4 0.4 1 A_inc 0 
15 93 58.015 103.8527 0.45341 0.056126 0.68858 0.50825 1.28 1.28 1 1 0.228 0 0.6 0 50395.4553 50386.508 58.015 0.6 5.0496 0 0 0 1 A_con 0 
15 94 38.005 61.3347 0.66308 0.46088 0.6721 0.689 0.52 0.52 1 1 0 -0.076 0 0.2 240413.927 -155749.2187 38.005 0.2 0.82212 0.045736 0.8 -0.4 1 B_inc 1 
15 95 48.8055 103.824 0.53298 0.056126 0.68929 0.50825 -0.28 -0.28 1 1 0 -0.228 0 0.6 94777.2969 94619.5809 48.8055 0.6 5.0496 0.028688 0.4 0.4 1 B_con 0 
15 96 80.4127 68.9791 0.25928 0.35838 0.64947 0.6766 0.52 0.52 1 1 0 -0.228 0 0.6 374317.7356 374317.7356 80.4127 0.6 5.0496 0 0 0 1 B_inc 0 
15 97 76.0888 103.8527 0.29676 0.056126 0.66171 0.50825 -0.28 -0.28 1 1 0 -0.228 0 0.6 113992.6577 -113918.5483 76.0888 0.6 5.0496 0 0 0 1 B_con 0 
15 98 91.6873 103.8527 0.16157 0.056126 0.60284 0.50825 -0.28 -0.28 1 1 0 -0.228 0 0.6 160755.9286 160755.9286 91.6873 0.6 5.0496 0 0 0 1 B_con 1 
15 99 98.7399 58.7189 0.1168 0.46366 0.57125 0.68914 0.52 0.52 1 1 0.08 -0.152 0.2 0.4 5464.1138 5464.1138 98.7399 0.6 3.1422 0.020201 0.4 -5.5511e-17 1 B_inc 1 
15 100 89.3139 68.9589 0.18196 0.35838 0.61471 0.6766 0.52 0.52 1 1 0 -0.228 0 0.6 30668.364 -30666.8796 89.3139 0.6 5.0496 0.020201 0.4 5.5511e-17 1 B_inc 1 
15 101 46.9744 68.9173 0.54856 0.35838 0.68846 0.6766 0.48 0.48 1 1 0.228 0 0.6 0 444870.453 -406406.9492 46.9744 0.6 5.0496 0.061837 1.2 0 1 A_inc 0 
15 102 55.9827 103.8527 0.47102 0.056126 0.68945 0.50825 1.28 1.28 1 1 0.228 0 0.6 0 57321.02 57220.1543 55.9827 0.6 5.0496 0 0 0 1 A_con 1 
15 103 83.5921 103.8527 0.23173 0.056126 0.6387 0.50825 1.28 1.28 1 1 0.228 0 0.6 0 324084.6609 324084.6609 83.5921 0.6 5.0496 0 0 0 1 A_con 0 
15 104 25.0723 56.0308 0.78232 0.514 0.63256 0.68987 0.52 0.52 1 1 0 0 0 0 511119.9984 -511119.9984 25.0723 0 0 0.043339 0.6 -0.6 1 B_inc 1 
15 105 36.3166 104.9172 0.67799 0.083417 0.66855 0.54066 -0.28 -0.28 1 1 0 -0.076 0 0.2 49096.5442 48837.9265 36.3166 0.2 0.82212 0.014243 0.2 0.2 1 B_con 1 
15 106 72.9487 68.9504 0.32373 0.35838 0.66898 0.6766 0.52 0.52 1 1 0 -0.228 0 0.6 431361.7252 431361.7252 72.9487 0.6 5.0496 0.028688 0.4 0.4 1 B_inc 1 
15 107 55.741 103.7909 0.47258 0.056126 0.68951 0.50825 1.28 1.28 1 1 0.228 0 0.6 0 392968.7671 -283951.4463 55.741 0.6 5.0496 0.061837 1.2 0 1 A_con 0 
15 108 83.515 68.9791 0.2324 0.35838 0.63898 0.6766 0.48 0.48 1 1 0.228 0 0.6 0 348241.6271 348241.6271 83.515 0.6 5.0496 0 0 0 1 A_inc 1 
15 109 78.1479 68.9791 0.27891 0.35838 0.6562 0.6766 0.48 0.48 1 1 0.228 0 0.6 0 115603.6153 -115568.9593 78.1479 0.6 5.0496 0 0 0 1 A_inc 0 
15 110 58.3402 103.7909 0.45005 0.056126 0.68837 0.50825 -0.28 -0.28 1 1 0 -0.228 0 0.6 442014.9335 -221396.7473 58.3402 0.6 5.0496 0.061837 1.2 0 1 B_con 0 
15 111 37.3611 56.0308 0.67581 0.514 0.66909 0.68987 0.48 0.48 1 1 0 0 0 0 235936.5293 -171775.3022 37.3611 0 0 0.043339 0.6 -0.6 1 A_inc 1 
15 112 47.892 103.8094 0.54077 0.056126 0.68891 0.50825 1.28 1.28 1 1 0.228 0 0.6 0 98149.2698 97962.782 47.892 0.6 5.0496 0.043339 0.6 0.6 1 A_con 0 
15 113 40.9534 103.6588 0.64467 0.1012 0.67601 0.5579 -0.28 -0.28 1 1 0 0 0 0 173674.0714 -85403.9853 40.9534 0 0 0.043339 0.6 -0.6 1 B_con 0 
15 114 75.1921 65.8814 0.32794 0.40864 0.67001 0.6845 0.52 0.52 1 1 0 -0.152 0 0.4 482913.8201 482913.8201 75.1921 0.4 2.3201 0.028688 0.4 0.4 1 B_inc 0 
15 115 52.1244 105.111 0.52777 0.068523 0.6895 0.52407 1.28 1.28 1 1 0.152 0 0.4 0 391807.7646 -367801.3779 52.1244 0.4 2.3201 0.040811 0.8 0 1 A_con 1 
15 116 81.8246 103.8385 0.24692 0.056126 0.64483 0.50825 1.28 1.28 1 1 0.228 0 0.6 0 381079.3429 381079.3429 81.8246 0.6 5.0496 0.014243 0.2 0.2 1 A_con 0 
15 117 24.7769 103.6588 0.78488 0.1012 0.63139 0.5579 -0.28 -0.28 1 1 0 0 0 0 544966.8405 -544966.8405 24.7769 0 0 0.043339 0.6 -0.6 1 B_con 1 
15 118 60.5265 61.3662 0.46816 0.46088 0.68934 0.689 0.52 0.52 1 1 0 -0.076 0 0.2 376962.1107 376962.1107 60.5265 0.2 0.82212 0.014243 0.2 0.2 1 B_inc 0 
15 119 62.496 68.9504 0.41432 0.35838 0.68517 0.6766 0.52 0.52 1 1 0 -0.228 0 0.6 137652.5445 -77521.2536 62.496 0.6 5.0496 0.028688 0.4 0.4 1 B_inc 0 
15 120 65.1514 68.9173 0.39102 0.35838 0.68214 0.6766 0.48 0.48 1 1 0.228 0 0.6 0 411893.4776 -17212.7444 65.1514 0.6 5.0496 0.061837 1.2 0 1 A_inc 1 
15 121 66.7353 103.8527 0.37783 0.056126 0.68009 0.50825 1.28 1.28 1 1 0.228 0 0.6 0 12223.6292 -7527.9153 66.7353 0.6 5.0496 0 0 0 1 A_con 0 
15 122 88.0171 103.8527 0.19338 0.056126 0.62079 0.50825 1.28 1.28 1 1 0.228 0 0.6 0 266895.9553 266895.9553 88.0171 0.6 5.0496 0 0 0 1 A_con 1 
15 123 22.9659 56.0308 0.80058 0.514 0.62387 0.68987 0.52 0.52 1 1 0 0 0 0 541836.003 -541836.003 22.9659 0 0 0.043339 0.6 -0.6 1 B_inc 0 
15 124 34.4713 104.9172 0.69398 0.083417 0.66434 0.54066 -0.28 -0.28 1 1 0 -0.076 0 0.2 38907.4618 38632.4219 34.4713 0.2 0.82212 0.014243 0.2 0.2 1 B_con 0 
15 125 47.5787 104.9112 0.58033 0.083417 0.68575 0.54066 1.28 1.28 1 1 0.076 0 0.2 0 124427.931 56744.8375 47.5787 0.2 0.82212 0.020201 0.4 0 1 A_con 1 
15 126 78.9965 105.1376 0.29509 0.068523 0.66122 0.52407 1.28 1.28 1 1 0.152 0 0.4 0 456054.6959 456054.6959 78.9965 0.4 2.3201 0.014243 0.2 0.2 1 A_con 0 
15 127 25.3037 56.0454 0.78044 0.514 0.63341 0.68987 0.52 0.52 1 1 0 0 0 0 551259.0791 -551259.0791 25.3037 0 0 0.028688 0.4 -0.4 1 B_inc 0 
15 128 85.969 103.8094 0.21075 0.056126 0.62936 0.50825 1.28 1.28 1 1 0.228 0 0.6 0 533597.3094 533597.3094 85.969 0.6 5.0496 0.043339 0.6 0.6 1 A_con 1 
15 129 95.9172 58.7189 0.14126 0.46366 0.58958 0.68914 0.48 0.48 1 1 0.152 -0.08 0.4 0.2 32975.5613 32975.5613 95.9172 0.6 3.1422 0.020201 0.4 -5.5511e-17 1 A_inc 0 
15 130 36.4199 61.3518 0.67697 0.46088 0.66881 0.689 0.52 0.52 1 1 0 -0.076 0 0.2 517816.8771 -517816.8771 36.4199 0.2 0.82212 0.028688 0.4 -0.4 1 B_inc 1 
15 131 48.0541 103.824 0.53949 0.056126 0.68898 0.50825 -0.28 -0.28 1 1 0 -0.228 0 0.6 88566.0071 88460.0335 48.0541 0.6 5.0496 0.028688 0.4 0.4 1 B_con 1 
15 132 41.5696 104.8857 0.63219 0.083417 0.67836 0.54066 1.28 1.28 1 1 0.076 0 0.2 0 189563.6796 -76294.6251 41.5696 0.2 0.82212 0.045736 0.8 -0.4 1 A_con 1 
15 133 42.8215 103.6879 0.62874 0.1012 0.67897 0.5579 -0.28 -0.28 1 1 0 0 0 0 82217.3525 -26166.0401 42.8215 0 0 0.014243 0.2 -0.2 1 B_con 0 
15 134 42.0116 103.7022 0.63588 0.1012 0.67769 0.5579 1.28 1.28 1 1 0 0 0 0 35560.4309 -15104.8792 42.0116 0 0 0 0 0 1 A_con 1 
15 135 42.5053 103.7022 0.6316 0.1012 0.67847 0.5579 -0.28 -0.28 1 1 0 0 0 0 14512.5565 -1135.9633 42.5053 0 0 0 0 0 1 B_con 1 
15 136 42.2087 103.7022 0.63417 0.1012 0.678 0.5579 1.28 1.28 1 1 0 0 0 0 7117.8296 -1695.4977 42.2087 0 0 0 0 0 1 A_con 1 
15 137 42.3866 103.7022 0.63263 0.1012 0.67828 0.5579 -0.28 -0.28 1 1 0 0 0 0 2767.7073 332.5974 42.3866 0 0 0 0 0 1 B_con 1 
15 138 74.3217 54.0869 0.34142 0.51679 0.6731 0.68982 0.52 0.52 1 1 0.08 -0.076 0.2 0.2 532048.4541 532048.4541 74.3217 0.4 1.6442 0.020201 0.4 0.4 1 B_inc 1 
15 139 49.7781 65.8899 0.54828 0.40864 0.68847 0.6845 0.48 0.48 1 1 0.152 0 0.4 0 418108.3684 -418108.3684 49.7781 0.4 2.3201 0.020201 0.4 0 1 A_inc 1 
15 140 56.9561 68.9649 0.46246 0.35838 0.68908 0.6766 0.48 0.48 1 1 0.228 0 0.6 0 75926.005 73662.6407 56.9561 0.6 5.0496 0.014243 0.2 0.2 1 A_inc 0 
15 141 61.8822 68.9791 0.41989 0.35838 0.68578 0.6766 0.48 0.48 1 1 0.228 0 0.6 0 31051.8293 30205.3885 61.8822 0.6 5.0496 0 0 0 1 A_inc 0 
15 142 64.7692 103.8527 0.39487 0.056126 0.68269 0.50825 1.28 1.28 1 1 0.228 0 0.6 0 14950.735 14538.4051 64.7692 0.6 5.0496 0 0 0 1 A_con 0 
15 143 87.2306 103.8527 0.20019 0.056126 0.62425 0.50825 1.28 1.28 1 1 0.228 0 0.6 0 279193.0618 279193.0618 87.2306 0.6 5.0496 0 0 0 1 A_con 0 
15 144 96.2715 58.7189 0.13819 0.46366 0.58743 0.68914 0.48 0.48 1 1 0.152 -0.08 0.4 0.2 37853.3535 37853.3535 96.2715 0.6 3.1422 0.020201 0.4 -5.5511e-17 1 A_inc 1 
