id LogIdx EVCs(:,1) EVCs(:,2) ERs(:,1) ERs(:,2) RTs(:,1) RTs(:,2) ExpectedStateParam ActualStateParam ControlParamType_1 ControlParamType_2 ControlParamVal_1 ControlParamVal_2 CtrlIntensities_1 CtrlIntensities_2 ACC_HypotheticalBOLD_1 ACC_HypotheticalBOLD_2 ACC_HypotheticalBOLD_3 ACC_HypotheticalBOLD_4 ACC_HypotheticalBOLD_5 ACC_HypotheticalBOLD_6 ACC_HypotheticalBOLD_7 ACC_HypotheticalBOLD_8 TrialType TrialDescr condition 
6 1 108.2005 108.2005 0.047537 0.047537 0.98861 0.98861 1.465 1.465 1 1 0.076 0.077 0.2 0.2 0 0 108.2005 0.4 1.6442 0.048577 0.6 -0.2 1 con 0 
6 2 108.2491 108.2491 0.047537 0.047537 0.98861 0.98861 1.465 1.465 1 1 0.076 0.077 0.2 0.2 111.1801 -72.7592 108.2491 0.4 1.6442 0 0 0 1 con -1 
6 3 108.2491 55.4797 0.047537 0.5049 0.98861 1.506 0.695 0.695 1 1 0.076 -0.077 0.2 0.2 0 0 108.2491 0.4 1.6442 0 0 0 1 inc 0 
6 4 99.1458 105.9417 0.0965 0.037599 1.1425 0.94506 1.465 1.465 1 1 0.228 0 0.6 0 1893.2759 -1893.2759 99.1458 0.6 5.0496 0.048577 0.6 0.2 1 con 0 
6 5 103.6261 107.8808 0.074358 0.037481 1.0819 0.9445 1.465 1.465 1 1 0.152 0.077 0.4 0.2 1538.9645 1538.9176 103.6261 0.6 3.1422 0.030455 0.4 -5.5511e-17 1 con 1 
6 6 105.6916 107.9113 0.056719 0.037481 1.0238 0.9445 1.465 1.465 1 1 0.152 0.077 0.4 0.2 303.0007 258.2953 105.6916 0.6 3.1422 0 0 0 1 con 0 
6 7 106.6936 108.2277 0.060832 0.047537 1.0383 0.98861 1.465 1.465 1 1 0.076 0.077 0.2 0.2 88.316 88.316 106.6936 0.4 1.6442 0.02144 0.2 -0.2 1 con 0 
6 8 107.3717 108.2491 0.055141 0.047537 1.018 0.98861 1.465 1.465 1 1 0.076 0.077 0.2 0.2 110.5129 -39.8612 107.3717 0.4 1.6442 0 0 0 1 con 1 
6 9 107.7375 108.2491 0.051971 0.047537 1.0061 0.98861 1.465 1.465 1 1 0.076 0.077 0.2 0.2 20.6385 20.6385 107.7375 0.4 1.6442 0 0 0 1 con 0 
6 10 107.9473 55.4797 0.050152 0.5049 0.99906 1.506 0.695 0.695 1 1 0.076 -0.077 0.2 0.2 11.3188 11.3188 107.9473 0.4 1.6442 0 0 0 1 inc 0 
6 11 98.8594 72.7129 0.098983 0.3256 1.1486 1.4513 0.695 0.695 1 1 0.228 0 0.6 0 2126.4185 -2126.4185 98.8594 0.6 5.0496 0.048577 0.6 0.2 1 inc 0 
6 12 91.2102 72.7615 0.1657 0.3256 1.2805 1.4513 0.695 0.695 1 1 0.228 0 0.6 0 33076.5998 -32975.4999 91.2102 0.6 5.0496 0 0 0 1 inc 0 
6 13 84.8549 105.9902 0.22078 0.037599 1.3567 0.94506 1.465 1.465 1 1 0.228 0 0.6 0 45011.6601 -45011.6601 84.8549 0.6 5.0496 0 0 0 1 con 0 
6 14 97.2117 105.9902 0.11368 0.037599 1.1828 0.94506 1.465 1.465 1 1 0.228 0 0.6 0 75668.6889 75668.6889 97.2117 0.6 5.0496 0 0 0 1 con 0 
6 15 102.5187 61.0808 0.083956 0.4431 1.1095 1.5005 0.695 0.695 1 1 0.152 -0.077 0.4 0.2 3910.1521 3910.1521 102.5187 0.6 3.1422 0.030455 0.4 -5.5511e-17 1 inc 0 
6 16 94.0542 105.9598 0.14079 0.037599 1.2376 0.94506 1.465 1.465 1 1 0.228 0 0.6 0 15714.1381 -15713.8659 94.0542 0.6 5.0496 0.030455 0.4 5.5511e-17 1 con 0 
6 17 100.835 107.8808 0.098548 0.037481 1.1476 0.9445 1.465 1.465 1 1 0.152 0.077 0.4 0.2 15281.7053 15281.4326 100.835 0.6 3.1422 0.030455 0.4 -5.5511e-17 1 con 0 
6 18 104.4523 61.1112 0.067461 0.4431 1.0604 1.5005 0.695 0.695 1 1 0.152 -0.077 0.4 0.2 789.7285 747.6125 104.4523 0.6 3.1422 0 0 0 1 inc 0 
6 19 95.6361 105.9598 0.12708 0.037599 1.211 0.94506 1.465 1.465 1 1 0.228 0 0.6 0 8600.4311 -8600.4311 95.6361 0.6 5.0496 0.030455 0.4 5.5511e-17 1 con 1 
6 20 101.6787 61.0808 0.091236 0.4431 1.1291 1.5005 0.695 0.695 1 1 0.152 -0.077 0.4 0.2 8095.8876 8094.4345 101.6787 0.6 3.1422 0.030455 0.4 -5.5511e-17 1 inc 0 
6 21 93.4076 72.7311 0.14639 0.3256 1.2478 1.4513 0.695 0.695 1 1 0.228 0 0.6 0 19325.0943 -19325.0274 93.4076 0.6 5.0496 0.030455 0.4 5.5511e-17 1 inc 1 
6 22 86.56 72.7615 0.206 0.3256 1.3385 1.4513 0.695 0.695 1 1 0.228 0 0.6 0 48373.6723 -48350.1135 86.56 0.6 5.0496 0 0 0 1 inc 1 
6 23 81.5604 101.9205 0.20604 0.029581 1.3385 0.90409 1.465 1.465 1 1 0.304 0 0.8 0 33443.3325 -33443.3325 81.5604 0.8 10.0232 0.02144 0.2 0.2 1 con 1 
6 24 96.0296 72.7401 0.12374 0.3256 1.2042 1.4513 0.695 0.695 1 1 0.228 0 0.6 0 94435.4989 94435.4989 96.0296 0.6 5.0496 0.02144 0.2 -0.2 1 inc 1 
6 25 88.6843 105.9902 0.18759 0.037599 1.3136 0.94506 1.465 1.465 1 1 0.228 0 0.6 0 45914.9852 -45914.9852 88.6843 0.6 5.0496 0 0 0 1 con 0 
6 26 98.5727 105.9902 0.10189 0.037599 1.1557 0.94506 1.465 1.465 1 1 0.228 0 0.6 0 50933.5942 50933.5942 98.5727 0.6 5.0496 0 0 0 1 con 1 
6 27 103.2748 61.0808 0.077403 0.4431 1.0909 1.5005 0.695 0.695 1 1 0.152 -0.077 0.4 0.2 1994.7259 1994.7259 103.2748 0.6 3.1422 0.030455 0.4 -5.5511e-17 1 inc 0 
6 28 94.6613 72.7311 0.13553 0.3256 1.2276 1.4513 0.695 0.695 1 1 0.228 0 0.6 0 12657.0144 -12656.4221 94.6613 0.6 5.0496 0.030455 0.4 5.5511e-17 1 inc 0 
6 29 87.5604 105.9902 0.19733 0.037599 1.327 0.94506 1.465 1.465 1 1 0.228 0 0.6 0 48332.345 -48307.8054 87.5604 0.6 5.0496 0 0 0 1 con 1 
6 30 98.1696 72.7615 0.10538 0.3256 1.1639 1.4513 0.695 0.695 1 1 0.228 0 0.6 0 58489.1055 58489.1055 98.1696 0.6 5.0496 0 0 0 1 inc 0 
6 31 90.5331 105.9902 0.17157 0.037599 1.2898 0.94506 1.465 1.465 1 1 0.228 0 0.6 0 37091.5396 -37091.5396 90.5331 0.6 5.0496 0 0 0 1 con 0 
6 32 99.2443 105.9902 0.096067 0.037599 1.1414 0.94506 1.465 1.465 1 1 0.228 0 0.6 0 38197.1116 38197.1116 99.2443 0.6 5.0496 0 0 0 1 con 1 
6 33 103.6545 61.0808 0.074112 0.4431 1.0811 1.5005 0.695 0.695 1 1 0.152 -0.077 0.4 0.2 1430.4023 1430.4023 103.6545 0.6 3.1422 0.030455 0.4 -5.5511e-17 1 inc 0 
6 34 94.9763 72.7311 0.1328 0.3256 1.2224 1.4513 0.695 0.695 1 1 0.228 0 0.6 0 11223.5164 -11222.7014 94.9763 0.6 5.0496 0.030455 0.4 5.5511e-17 1 inc 0 
6 35 87.817 72.7615 0.19511 0.3256 1.324 1.4513 0.695 0.695 1 1 0.228 0 0.6 0 48002.8639 -47978.0484 87.817 0.6 5.0496 0 0 0 1 inc 1 
6 36 82.4028 72.7615 0.24204 0.3256 1.3806 1.4513 0.695 0.695 1 1 0.228 0 0.6 0 36748.3743 -36748.3743 82.4028 0.6 5.0496 0 0 0 1 inc 0 
6 37 79.123 101.9205 0.22717 0.029581 1.3642 0.90409 1.465 1.465 1 1 0.304 0 0.8 0 22599.4146 -22599.4146 79.123 0.8 10.0232 0.02144 0.2 0.2 1 con 0 
6 38 95.0679 72.7401 0.13208 0.3256 1.221 1.4513 0.695 0.695 1 1 0.228 0 0.6 0 107763.6492 107763.6492 95.0679 0.6 5.0496 0.02144 0.2 -0.2 1 inc 1 
6 39 87.8847 72.7615 0.19452 0.3256 1.3232 1.4513 0.695 0.695 1 1 0.228 0 0.6 0 47933.8408 -47933.8408 87.8847 0.6 5.0496 0 0 0 1 inc 1 
6 40 82.4503 72.7615 0.24162 0.3256 1.3802 1.4513 0.695 0.695 1 1 0.228 0 0.6 0 36925.0988 -36925.0988 82.4503 0.6 5.0496 0 0 0 1 inc 0 
6 41 79.1502 73.7635 0.22693 0.27362 1.3639 1.4114 0.695 0.695 1 1 0.304 0 0.8 0 22720.7972 -22720.7972 79.1502 0.8 10.0232 0.02144 0.2 0.2 1 inc 1 
6 42 77.0978 101.9419 0.24491 0.029581 1.3836 0.90409 1.465 1.465 1 1 0.304 0 0.8 0 13512.7452 -13486.9292 77.0978 0.8 10.0232 0 0 0 1 con 1 
6 43 94.2698 105.9688 0.139 0.037599 1.2342 0.94506 1.465 1.465 1 1 0.228 0 0.6 0 117135.6175 117135.6175 94.2698 0.6 5.0496 0.02144 0.2 -0.2 1 con 1 
6 44 100.9444 107.8808 0.0976 0.037481 1.1452 0.9445 1.465 1.465 1 1 0.152 0.077 0.4 0.2 14195.6766 14117.817 100.9444 0.6 3.1422 0.030455 0.4 -5.5511e-17 1 con 1 
6 45 104.4988 61.1112 0.067057 0.4431 1.0591 1.5005 0.695 0.695 1 1 0.152 -0.077 0.4 0.2 761.0529 718.8393 104.4988 0.6 3.1422 0 0 0 1 inc 0 
6 46 95.6772 72.7311 0.12672 0.3256 1.2103 1.4513 0.695 0.695 1 1 0.228 0 0.6 0 8453.7791 -8453.7791 95.6772 0.6 5.0496 0.030455 0.4 5.5511e-17 1 inc 1 
6 47 88.3962 72.7615 0.19009 0.3256 1.3171 1.4513 0.695 0.695 1 1 0.228 0 0.6 0 46752.0452 -46726.5816 88.3962 0.6 5.0496 0 0 0 1 inc 1 
6 48 82.8108 105.9902 0.2385 0.037599 1.3768 0.94506 1.465 1.465 1 1 0.228 0 0.6 0 38254.572 -38254.572 82.8108 0.6 5.0496 0 0 0 1 con 0 
6 49 96.4964 105.9902 0.11988 0.037599 1.1962 0.94506 1.465 1.465 1 1 0.228 0 0.6 0 87504.7789 87504.7789 96.4964 0.6 5.0496 0 0 0 1 con 0 
6 50 102.1277 61.0808 0.087345 0.4431 1.1188 1.5005 0.695 0.695 1 1 0.152 -0.077 0.4 0.2 5525.5183 5525.5183 102.1277 0.6 3.1422 0.030455 0.4 -5.5511e-17 1 inc 1 
6 51 93.7498 72.7311 0.14343 0.3256 1.2424 1.4513 0.695 0.695 1 1 0.228 0 0.6 0 17374.6136 -17374.4586 93.7498 0.6 5.0496 0.030455 0.4 5.5511e-17 1 inc 0 
6 52 86.8298 72.7615 0.20367 0.3256 1.3354 1.4513 0.695 0.695 1 1 0.228 0 0.6 0 48544.2213 -48520.4079 86.8298 0.6 5.0496 0 0 0 1 inc 0 
6 53 81.7226 73.7635 0.20464 0.27362 1.3367 1.4114 0.695 0.695 1 1 0.304 0 0.8 0 34154.8367 -34154.8367 81.7226 0.8 10.0232 0.02144 0.2 0.2 1 inc 1 
6 54 78.7514 101.9419 0.23058 0.029581 1.3681 0.90409 1.465 1.465 1 1 0.304 0 0.8 0 20803.0127 -20777.7051 78.7514 0.8 10.0232 0 0 0 1 con 0 
6 55 94.9141 72.7401 0.13341 0.3256 1.2236 1.4513 0.695 0.695 1 1 0.228 0 0.6 0 109626.827 109626.827 94.9141 0.6 5.0496 0.02144 0.2 -0.2 1 inc 1 
6 56 87.7588 72.7615 0.19561 0.3256 1.3247 1.4513 0.695 0.695 1 1 0.228 0 0.6 0 48130.6645 -48130.6645 87.7588 0.6 5.0496 0 0 0 1 inc 1 
6 57 82.362 105.9902 0.24239 0.037599 1.381 0.94506 1.465 1.465 1 1 0.228 0 0.6 0 36596.1683 -36596.1683 82.362 0.6 5.0496 0 0 0 1 con 0 
6 58 96.3401 105.9902 0.12124 0.037599 1.199 0.94506 1.465 1.465 1 1 0.228 0 0.6 0 89958.5497 89958.5497 96.3401 0.6 5.0496 0 0 0 1 con 1 
6 59 102.0427 107.8808 0.088081 0.037481 1.1208 0.9445 1.465 1.465 1 1 0.152 0.077 0.4 0.2 5949.5476 5949.5476 102.0427 0.6 3.1422 0.030455 0.4 -5.5511e-17 1 con 1 
6 60 104.9745 107.9113 0.062934 0.037481 1.0455 0.9445 1.465 1.465 1 1 0.152 0.077 0.4 0.2 524.4331 481.2201 104.9745 0.6 3.1422 0 0 0 1 con 0 
6 61 106.3241 61.1112 0.051238 0.4431 1.0033 1.5005 0.695 0.695 1 1 0.152 -0.077 0.4 0.2 134.1681 134.1681 106.3241 0.6 3.1422 0 0 0 1 inc 0 
6 62 97.4071 72.7311 0.11173 0.3256 1.1784 1.4513 0.695 0.695 1 1 0.228 0 0.6 0 3980.0566 -3980.0566 97.4071 0.6 5.0496 0.030455 0.4 5.5511e-17 1 inc 1 
6 63 89.8794 72.7615 0.17723 0.3256 1.2984 1.4513 0.695 0.695 1 1 0.228 0 0.6 0 40713.1292 -40685.889 89.8794 0.6 5.0496 0 0 0 1 inc 0 
6 64 83.8745 105.9902 0.22928 0.037599 1.3666 0.94506 1.465 1.465 1 1 0.228 0 0.6 0 41986.3558 -41986.3558 83.8745 0.6 5.0496 0 0 0 1 con 0 
6 65 96.8679 105.9902 0.11666 0.037599 1.1893 0.94506 1.465 1.465 1 1 0.228 0 0.6 0 81477.4355 81477.4355 96.8679 0.6 5.0496 0 0 0 1 con 1 
6 66 102.3303 61.0808 0.085589 0.4431 1.114 1.5005 0.695 0.695 1 1 0.152 -0.077 0.4 0.2 4623.1336 4623.1336 102.3303 0.6 3.1422 0.030455 0.4 -5.5511e-17 1 inc 0 
6 67 93.9067 72.7311 0.14207 0.3256 1.2399 1.4513 0.695 0.695 1 1 0.228 0 0.6 0 16508.9487 -16508.7512 93.9067 0.6 5.0496 0.030455 0.4 5.5511e-17 1 inc 1 
6 68 86.9544 105.9902 0.20259 0.037599 1.334 0.94506 1.465 1.465 1 1 0.228 0 0.6 0 48580.1039 -48556.1818 86.9544 0.6 5.0496 0 0 0 1 con 1 
6 69 97.9536 72.7615 0.10725 0.3256 1.1683 1.4513 0.695 0.695 1 1 0.228 0 0.6 0 62471.5609 62471.5609 97.9536 0.6 5.0496 0 0 0 1 inc 1 
6 70 90.3385 105.9902 0.17326 0.037599 1.2924 0.94506 1.465 1.465 1 1 0.228 0 0.6 0 38199.4944 -38199.4944 90.3385 0.6 5.0496 0 0 0 1 con 1 
6 71 99.1731 105.9902 0.096685 0.037599 1.1429 0.94506 1.465 1.465 1 1 0.228 0 0.6 0 39544.5046 39544.5046 99.1731 0.6 5.0496 0 0 0 1 con 1 
6 72 103.614 61.0808 0.074463 0.4431 1.0822 1.5005 0.695 0.695 1 1 0.152 -0.077 0.4 0.2 1481.7028 1481.7028 103.614 0.6 3.1422 0.030455 0.4 -5.5511e-17 1 inc 1 
6 73 94.9423 105.9598 0.13309 0.037599 1.2229 0.94506 1.465 1.465 1 1 0.228 0 0.6 0 11372.6412 -11371.8562 94.9423 0.6 5.0496 0.030455 0.4 5.5511e-17 1 con 0 
6 74 101.3069 107.8808 0.094459 0.037481 1.1373 0.9445 1.465 1.465 1 1 0.152 0.077 0.4 0.2 10888.2416 10887.455 101.3069 0.6 3.1422 0.030455 0.4 -5.5511e-17 1 con 1 
6 75 104.6541 61.1112 0.065712 0.4431 1.0547 1.5005 0.695 0.695 1 1 0.152 -0.077 0.4 0.2 673.254 630.7118 104.6541 0.6 3.1422 0 0 0 1 inc 1 
6 76 95.8152 105.9598 0.12552 0.037599 1.2079 0.94506 1.465 1.465 1 1 0.228 0 0.6 0 7976.0526 -7976.0526 95.8152 0.6 5.0496 0.030455 0.4 5.5511e-17 1 con 0 
6 77 101.7752 61.0808 0.0904 0.4431 1.1269 1.5005 0.695 0.695 1 1 0.152 -0.077 0.4 0.2 7470.6191 7468.9506 101.7752 0.6 3.1422 0.030455 0.4 -5.5511e-17 1 inc 1 
6 78 93.4805 105.9598 0.14576 0.037599 1.2466 0.94506 1.465 1.465 1 1 0.228 0 0.6 0 18902.7149 -18902.6363 93.4805 0.6 5.0496 0.030455 0.4 5.5511e-17 1 con 1 
6 79 100.5583 68.933 0.10815 0.38225 1.1703 1.4816 0.695 0.695 1 1 0.152 0 0.4 0 18535.005 18534.9264 100.5583 0.4 2.3201 0.02144 0.2 -0.2 1 inc 1 
6 80 92.5757 105.9688 0.15368 0.037599 1.2606 0.94506 1.465 1.465 1 1 0.228 0 0.6 0 24479.1297 -24479.1297 92.5757 0.6 5.0496 0.02144 0.2 0.2 1 con 1 
6 81 100.1366 68.933 0.11181 0.38225 1.1786 1.4816 0.695 0.695 1 1 0.152 0 0.4 0 24297.9334 24297.9334 100.1366 0.4 2.3201 0.02144 0.2 -0.2 1 inc 1 
6 82 92.2368 105.9688 0.15662 0.037599 1.2656 0.94506 1.465 1.465 1 1 0.228 0 0.6 0 26589.0526 -26589.0526 92.2368 0.6 5.0496 0.02144 0.2 0.2 1 con 1 
6 83 99.9818 68.933 0.11315 0.38225 1.1816 1.4816 0.695 0.695 1 1 0.152 0 0.4 0 26515.34 26515.34 99.9818 0.4 2.3201 0.02144 0.2 -0.2 1 inc 0 
6 84 92.1136 105.9688 0.15768 0.037599 1.2674 0.94506 1.465 1.465 1 1 0.228 0 0.6 0 27360.84 -27360.84 92.1136 0.6 5.0496 0.02144 0.2 0.2 1 con 1 
6 85 99.9256 107.5347 0.11363 0.047685 1.1827 0.98921 1.465 1.465 1 1 0.152 0 0.4 0 27333.0745 27333.0745 99.9256 0.4 2.3201 0.02144 0.2 -0.2 1 con 0 
6 86 104.0026 107.8898 0.071172 0.037481 1.0722 0.9445 1.465 1.465 1 1 0.152 0.077 0.4 0.2 1107.5206 990.9072 104.0026 0.6 3.1422 0.02144 0.2 0.2 1 con 0 
6 87 105.8643 107.9113 0.055223 0.037481 1.0183 0.9445 1.465 1.465 1 1 0.152 0.077 0.4 0.2 297.1026 297.0844 105.8643 0.6 3.1422 0 0 0 1 con 0 
6 88 106.8048 108.2277 0.059869 0.047537 1.035 0.98861 1.465 1.465 1 1 0.076 0.077 0.2 0.2 78.7661 78.7661 106.8048 0.4 1.6442 0.02144 0.2 -0.2 1 con 0 
6 89 107.4327 55.4797 0.054612 0.5049 1.0161 1.506 0.695 0.695 1 1 0.076 -0.077 0.2 0.2 107.3621 -43.4333 107.4327 0.4 1.6442 0 0 0 1 inc 1 
6 90 98.3884 105.9417 0.10306 0.037599 1.1585 0.94506 1.465 1.465 1 1 0.228 0 0.6 0 2586.0141 -2586.0141 98.3884 0.6 5.0496 0.048577 0.6 0.2 1 con 0 
6 91 103.1986 61.0808 0.078063 0.4431 1.0928 1.5005 0.695 0.695 1 1 0.152 -0.077 0.4 0.2 2206.3642 2206.3642 103.1986 0.6 3.1422 0.030455 0.4 -5.5511e-17 1 inc 1 
6 92 94.5989 72.7311 0.13607 0.3256 1.2287 1.4513 0.695 0.695 1 1 0.228 0 0.6 0 12953.658 -12953.1128 94.5989 0.6 5.0496 0.030455 0.4 5.5511e-17 1 inc 1 
6 93 87.5099 72.7615 0.19777 0.3256 1.3276 1.4513 0.695 0.695 1 1 0.228 0 0.6 0 48381.0956 -48356.6006 87.5099 0.6 5.0496 0 0 0 1 inc 1 
6 94 82.1881 72.7615 0.2439 0.3256 1.3826 1.4513 0.695 0.695 1 1 0.228 0 0.6 0 35943.9222 -35943.9222 82.1881 0.6 5.0496 0 0 0 1 inc 1 
6 95 78.9998 101.9205 0.22824 0.029581 1.3654 0.90409 1.465 1.465 1 1 0.304 0 0.8 0 22050.8034 -22050.8034 78.9998 0.8 10.0232 0.02144 0.2 0.2 1 con 0 
6 96 95.0196 72.7401 0.1325 0.3256 1.2218 1.4513 0.695 0.695 1 1 0.228 0 0.6 0 108376.9233 108376.9233 95.0196 0.6 5.0496 0.02144 0.2 -0.2 1 inc 1 
6 97 87.8451 72.7615 0.19487 0.3256 1.3237 1.4513 0.695 0.695 1 1 0.228 0 0.6 0 47999.2751 -47999.2751 87.8451 0.6 5.0496 0 0 0 1 inc 0 
6 98 82.4225 72.7615 0.24186 0.3256 1.3804 1.4513 0.695 0.695 1 1 0.228 0 0.6 0 36821.8074 -36821.8074 82.4225 0.6 5.0496 0 0 0 1 inc 0 
6 99 79.1343 101.9205 0.22707 0.029581 1.3641 0.90409 1.465 1.465 1 1 0.304 0 0.8 0 22649.8429 -22649.8429 79.1343 0.8 10.0232 0.02144 0.2 0.2 1 con 1 
6 100 95.0723 105.9688 0.13204 0.037599 1.2209 0.94506 1.465 1.465 1 1 0.228 0 0.6 0 107707.0382 107707.0382 95.0723 0.6 5.0496 0.02144 0.2 -0.2 1 con 0 
6 101 101.3715 107.8808 0.093899 0.037481 1.1359 0.9445 1.465 1.465 1 1 0.152 0.077 0.4 0.2 10375.6111 10292.5315 101.3715 0.6 3.1422 0.030455 0.4 -5.5511e-17 1 con 1 
